7.446826065721263,9.317339696004368,
0.19850499375,0,
0.24751246878125,0,
6.773174247041921,0,

8.66277133961988,8.900156438819337,
5.185810427547164,0,
-0.15693043575436877,4.382913200358749,
6.789308375806711,0,

9.540275435194616,9.422441630435173,
8.789705284154913,0,
-0.15693043575436877,7.9253216094849295,
6.10917887521315,0,

9.972783554892695,9.928555484752252,
9.595049073821677,0,
3.678320192300591,7.501013097226033,
8.118587305642185,0,

9.991042788636854,9.989085642385628,
9.887324092836408,0,
3.678320192300591,6.45336923517768,
7.573211025173019,0,

9.985479893333528,9.96302120345948,
9.930464326455855,4.944225425954022,
3.678320192300591,9.122235005549442,
7.573211025173019,0,

9.999780178389134,9.991167520321191,
9.989274687015142,7.4521774509307495,
8.346973619310912,8.112701857476495,
9.1781455135105,0,

9.999967402143275,9.999958759402757,
9.994624176453536,8.72077969553787,
9.197936534190113,8.112701857476495,
9.394521512515842,0,

9.935209714858104,9.64690839286978,
9.924680996998985,9.285921694219738,
8.743698671130694,8.112701857476495,
9.920133478146361,0,

9.996318251815042,9.995750618207147,
9.954146828312087,9.285921694219738,
9.388433895500242,8.112701857476495,
9.957844224887173,0,

9.987963359913653,9.987472188187622,
9.974481870978511,9.62037701372428,
9.809467944745624,9.305089818799189,
9.958055003762738,0,

9.974064624590085,9.99610046320112,
9.986948147487936,9.62037701372428,
9.655138721926244,8.77567826369095,
9.97854436917557,0,

9.999958854666826,9.99994764967387,
9.993436103853826,9.62037701372428,
9.832608152816684,8.77567826369095,
9.823676752473265,4.999712697669938,

9.999997991799477,9.999963950208905,
9.999595532160026,9.62037701372428,
9.981344488755049,9.81788959416666,
9.828900767839635,4.999712697669938,

9.99978201006672,9.997005355963658,
9.999603561048628,9.62037701372428,
9.97242687109681,9.81788959416666,
9.961927976385223,4.999712697669938,

9.9999623214145,9.449972299330737,
9.999786754720057,9.90483411422161,
9.986787110633864,9.81788959416666,
9.974285226899024,7.499241368193315,

9.99648517030646,9.999847512601203,
9.999410044994699,9.952311500697233,
9.993108191422756,9.355498979810296,
9.996158530112535,7.499241368193315,

9.999957365681567,9.999945598451255,
9.999699140223884,9.952311500697233,
9.998217995204845,9.67599251609351,
9.998986586304529,7.499241368193315,

9.997748906211395,9.999919794733213,
9.99978769923159,9.976007569387384,
9.999081154743179,9.83713599855926,
9.998694130947985,7.499241368193315,

9.999704613892778,9.999466441902957,
9.999936196015744,9.976007569387384,
9.999108377822427,9.83713599855926,
9.999765020821867,7.499241368193315,

9.97996000398797,9.961271224065033,
9.999916926123177,9.976007569387384,
9.465438544630558,9.287950318566462,
9.846723171450822,7.499241368193315,

9.998809971234786,9.737921972539421,
9.99869133701295,9.986967277712644,
9.194608891750612,9.481590497354954,
9.627376280695184,7.499241368193315,

9.990755928971353,9.99962102456664,
9.999456024984024,9.992835850677732,
9.718300668204375,8.936761632143838,
9.627376280695184,7.499241368193315,

9.999895727974366,9.932210287956432,
9.999752845355355,9.992835850677732,
9.730726544506268,8.785090455602521,
9.941545482088799,7.499241368193315,

9.999919663743913,9.99991019161418,
9.999704811589393,9.992835850677732,
9.80660877371991,8.996358224694415,
9.585147624476203,7.499241368193315,

9.998843015628893,9.998660352282801,
9.999824547140925,9.992835850677732,
9.33622900800854,8.996358224694415,
9.930611402977531,8.67546290902142,

9.99964480863098,9.999539381656657,
9.997459017322917,9.996331076173623,
9.950287135796547,8.898563978605203,
9.964734691602235,8.67546290902142,

9.998399704028277,9.99951777538144,
9.999293354461408,9.996331076173623,
9.427046998012624,8.898563978605203,
9.990915335834565,8.67546290902142,

9.999764158917605,9.862223355031276,
9.999757167115511,9.996331076173623,
9.174523823597244,8.898563978605203,
9.716874131247478,9.335411726273852,

9.999021314431799,9.72379992981454,
9.999282390549999,9.998092593531911,
9.952736957636038,8.898563978605203,
9.905169177534823,9.335411726273852,

9.988057416395188,9.999418268868624,
9.9997065161774,9.998092593531911,
9.989280603973857,9.690866562450418,
9.701733000804925,9.335411726273852,

9.999562295778412,9.99965011591746,
9.999277575114032,9.998092593531911,
9.989493389337973,9.690866562450418,
9.924367140882751,9.335411726273852,

9.995028250591453,9.99971717875275,
9.99928835739576,9.998879137565712,
9.439956840364308,9.365789944734013,
9.981065426094805,9.335411726273852,

9.999882533383818,9.99867249976159,
9.999624635685592,9.998879137565712,
9.737606892948572,9.416570336422815,
9.862696666850443,9.335411726273852,

9.999939944461968,9.999931440085348,
9.999637578004362,9.998879137565712,
9.419927929329987,9.822711519518242,
9.869025923571858,9.335411726273852,

9.999941041944242,9.998534392807628,
9.999794194354124,9.999337694988146,
8.889928439130571,8.730843822250492,
9.967502405790444,9.335411726273852,

9.999737490659292,9.998630400693415,
9.999862033275145,9.999337694988146,
8.911963913955812,8.730843822250492,
9.991744151598427,9.335411726273852,

9.999976534538156,9.999964961615095,
9.9999146283844,9.999337694988146,
9.48900191669243,8.730843822250492,
9.995854228070474,9.335411726273852,

9.99965005616182,9.999553920119578,
9.999916741438334,9.999337694988146,
9.821762308168907,8.727194253668856,
9.933731016756326,9.335411726273852,

9.994769819345935,9.999997635822236,
9.999953106640309,9.999337694988146,
9.97929467881689,9.320742748528723,
9.991680112016255,9.335411726273852,

9.999387841722193,9.998907066164502,
9.999394659717536,9.999337694988146,
9.994604427465863,9.650275209884597,
9.987923098671232,9.335411726273852,

9.998313440995755,9.998575212507664,
9.999536019678704,9.999337694988146,
9.991440281377866,9.650275209884597,
9.988043565761984,9.335411726273852,

9.999894092964816,9.999884004369715,
9.999673654951355,9.999337694988146,
9.441939973724622,9.821026077701118,
9.996358080061832,9.335411726273852,

9.99970801673883,9.930898848630415,
9.998448871634878,9.999235988505236,
9.632377895324364,9.96967950966896,
9.94408411991149,9.335411726273852,

9.999986698837304,9.995687699090487,
9.998448871634878,9.999251154514933,
9.801770249013463,9.435468980161572,
9.972009943980183,9.335411726273852,

9.999924019857586,9.998203365918707,
9.99922048716379,9.999866207750554,
9.649546387198411,9.943191924822287,
9.442985520309307,9.807422304928245,

9.999997704523476,9.999997391938464,
9.99922048716379,9.999959103645878,
9.734817842040378,9.393758585372183,
9.442985520309307,9.884890591760172,

9.994895680520804,9.993259554671994,
9.999609699742166,9.996057151343702,
9.937034813392234,9.636000187898526,
9.442985520309307,9.903911794758196,

9.998565242944686,9.997838653920793,
9.997551516731527,9.996057151343702,
9.970652455777119,9.636000187898526,
9.442985520309307,9.92385974702745,

9.99765416757778,9.999030333389037,
9.998244086254331,9.996057151343702,
9.439571853378949,9.636000187898526,
9.442985520309307,9.971809494367314,

9.988973114698956,9.989630081987702,
9.977263174661008,9.996057151343702,
9.439571853378949,9.821287561475776,
9.442985520309307,9.918939271101051,

9.960219721096875,9.448580796295037,
9.977263174661008,9.99723890827192,
9.63394419616463,9.882567942261907,
9.442985520309307,9.919747851871815,

9.996053763062402,9.995322878722401,
9.977263174661008,9.990536555381773,
9.63394419616463,9.962866526190947,
9.442985520309307,9.952003977099402,

9.999323887819793,9.981959811878522,
9.987770108877726,9.995625202628508,
9.937220793170473,9.98756575248245,
9.442985520309307,9.986202936242606,

9.999412627023997,9.44963948657643,
9.992740000102923,9.997698325122709,
9.965569337336014,9.995031184297996,
9.442985520309307,9.997528303622417,

9.999627153943642,9.999137272242361,
9.992740000102923,9.999474679134712,
9.997007057386227,9.445080748234624,
9.720275387896283,9.996347567376045,

9.999960493958973,9.449972545452479,
9.992740000102923,9.999690620286579,
9.86422245600615,9.65396932017697,
9.860816649871124,9.446384000391468,

9.994644836929172,9.994073473182674,
9.992740000102923,9.999871150349293,
9.984104938937449,9.65396932017697,
9.948785199920087,9.446384000391468,

9.999781471226466,9.982526667189994,
9.992740000102923,9.99902085026903,
9.99889412624867,9.65396932017697,
9.986633402608277,9.446384000391468,

9.999983576239673,9.995684154692267,
9.992740000102923,9.999698288097479,
9.998692437986303,9.825703600867598,
9.99696140023784,9.446384000391468,

9.999992832953616,9.999957888811771,
9.992740000102923,9.999922992156709,
9.999645928708253,9.825703600867598,
9.998468278585126,9.446384000391468,

9.999292311064204,9.999968959458528,
9.992740000102923,9.999984287074387,
9.449664923011468,9.27657508286326,
9.91333950014371,9.446384000391468,

9.986105175020498,9.984047587757978,
9.992740000102923,9.999903796249932,
9.747221973642635,9.630825736860153,
9.91463291893663,9.897444161667622,

9.989935128955896,9.715067673486674,
9.994423683239633,9.989940203323517,
9.926756771924582,9.844161720351469,
9.942035080577284,9.823596957786915,

9.989787572620733,9.9979388764576,
9.99595392137692,9.992209824865377,
9.981636730414047,9.844161720351469,
9.942035080577284,9.823596957786915,

9.999597873032048,9.965169079058875,
9.996014309606128,9.992209824865377,
9.982269884071833,9.844161720351469,
9.970605801587602,9.823596957786915,

9.999606135864974,9.999489237064894,
9.997720589080838,9.996772386286084,
9.995343125961906,9.914207911638893,
9.984084738689837,9.823596957786915,

9.999247084826218,9.998298317341286,
9.997777007343235,9.997257884738056,
9.994585767752652,9.914207911638893,
9.99274838394,9.823596957786915,

9.996617461605688,9.99433039137118,
9.998762382981635,9.997257884738056,
9.799566019275767,9.917580137517675,
9.995295227675188,9.823596957786915,

9.998280480187628,9.998922741881328,
9.998786950297482,9.997257884738056,
9.378646948184763,9.370022031222227,
9.99251801713886,9.823596957786915,

9.999273883549035,9.999399654409949,
9.998799050468264,9.997257884738056,
9.414919795264918,9.370022031222227,
9.995738167367888,9.823596957786915,

9.999485063331287,9.999402076548051,
9.99882877546661,9.997257884738056,
9.725845129005291,9.370022031222227,
9.998716408787352,9.823596957786915,

9.999493482993316,9.996833811651246,
9.999218730922411,9.997257884738056,
9.85731201081919,9.713594272623787,
9.870295803089117,9.852674688778439,

9.996336794286742,9.995276056553884,
9.998157488045866,9.934425364898141,
9.959964190927156,9.713594272623787,
9.952133349181597,9.852674688778439,

9.999859396689633,9.99966861506882,
9.999010768914443,9.934425364898141,
9.989756488376731,9.368337082747088,
9.992024482768155,9.852674688778439,

9.99969169400772,9.999871731318272,
9.995582176622646,9.934425364898141,
9.796338622360235,9.368337082747088,
9.82518590589841,9.852674688778439,

9.998507205889227,9.99781514223357,
9.995917860871037,9.934425364898141,
9.352090528830379,9.368337082747088,
9.82518590589841,9.915221985262171,

9.978976464745614,9.99926080185357,
9.996611964838223,9.965192023580233,
9.67573328608405,8.843165829510557,
9.82518590589841,9.97670291135533,

9.999743246530642,9.98253582357852,
9.998869972236406,9.965192023580233,
9.79809389920128,9.297122907912435,
9.82518590589841,9.993539974841422,

9.999648116367773,9.9990663522124,
9.999289673650956,9.965192023580233,
9.906634653684648,9.677337642175335,
9.82518590589841,9.997630677548404,

9.999956295158105,9.999967318853535,
9.999849009282606,9.965192023580233,
9.523708130447385,9.138462831572056,
9.82518590589841,9.922160500301237,

9.966845556270998,9.969457086042247,
9.944923101922841,9.96143634505317,
9.562613332446542,9.342734124319612,
9.27480780364304,9.84329143577882,

9.998409145750845,9.963764395986836,
9.944923101922841,9.991615110176557,
9.926734139555881,9.806651862720656,
9.27480780364304,9.77946146329933,

9.998769908488256,9.998482153932475,
9.944923101922841,9.995523203991876,
9.61827703282938,9.810489919798878,
9.27480780364304,9.932465995359717,

9.99464427536102,9.976203530470334,
9.944923101922841,9.989668748139099,
9.61827703282938,9.941164995895898,
9.27480780364304,9.874456468507557,

9.988101610762769,9.947776856001564,
9.970326761200168,9.994869632031524,
9.896771819693939,9.393477620838453,
9.27480780364304,9.97553866629736,

9.999235660205184,9.998711452219396,
9.98412046002002,9.998485341960066,
9.439769380076001,9.818545489266663,
9.626923519290772,9.986419012598969,

9.999698062729134,9.999580796138556,
9.98412046002002,9.998869865029963,
9.439769380076001,9.367464840266283,
9.806739170881876,9.992375280430757,

9.995338522970751,9.960629061665045,
9.991943319681525,9.999534324995961,
9.976374337084472,9.413282134430062,
9.806739170881876,9.98552592875388,

9.999922775409757,9.99990911515205,
9.991943319681525,9.999638130634807,
9.993891009876428,9.413282134430062,
9.902971406579628,9.43567030761456,

9.999935789811287,9.995606804964183,
9.991943319681525,9.99978055146737,
9.992651281911604,9.705162082112043,
9.983461765427021,9.43567030761456,

9.999824319066928,9.931073828248419,
9.991943319681525,9.999741559067658,
9.99685427729478,9.705162082112043,
9.99298734994238,9.43567030761456,

9.999961190521772,9.99995253433892,
9.995948389768925,9.999745416330878,
9.995274086925743,9.850158175237993,
9.996440131259265,9.43567030761456,

9.9999777829351,9.997816114919967,
9.995948389768925,9.999891682422586,
9.999399337386249,9.850158175237993,
9.999407075946255,9.43567030761456,

9.999979052262976,9.999974709478462,
9.995948389768925,9.99994186066968,
9.999931140151585,9.850158175237993,
9.999930987336395,9.43567030761456,

9.999978360862436,9.999992446123962,
9.997945702986165,9.999969288729734,
9.999961659498455,9.925059821521824,
9.999957884649975,9.43567030761456,

9.999995447564272,9.931244600507418,
9.997945702986165,9.999987086641534,
9.999976898625373,9.925059821521824,
9.999973561197741,9.43567030761456,

9.999825096722368,9.999748133312913,
9.997945702986165,9.999661538444013,
9.999252282148802,9.925059821521824,
9.999977529643733,9.43567030761456,

9.999988081109102,9.999968281557653,
9.997945702986165,9.99986205751788,
9.999606641980066,9.962469085775618,
9.999960500964573,9.43567030761456,

9.982803287141378,9.999991972118583,
9.997945702986165,9.999957497149245,
9.999901368880034,9.99497465332308,
9.999935489242642,9.43567030761456,

9.99992489362472,9.999892229746496,
9.998952126590336,9.999958131509603,
9.44894140633457,9.44507440896415,
9.999771081220711,9.43567030761456,

9.962438737005563,9.95659573560291,
9.999467798992267,9.996075902368919,
9.868337767141263,9.594105146799857,
9.96275479512487,9.43567030761456,

9.997277174862468,9.99688796453715,
9.997980306719658,9.993051393173936,
9.970217490944307,9.782161694904367,
9.971189702027436,9.43567030761456,

9.970806214779673,9.999060381296033,
9.99881496494142,9.993051393173936,
9.778070481316663,9.971122894301384,
9.935190638975197,9.43567030761456,

9.999894825333065,9.99988995073645,
9.998738894870954,9.993051393173936,
9.333338023832702,9.114518076873658,
9.980336032200787,9.43567030761456,

9.99488091603965,9.996707817604898,
9.997620241803599,9.996359439240806,
9.962633456671478,9.538669652559825,
9.968129001317795,9.43567030761456,

9.999882040670158,9.99770413983897,
9.999122017039008,9.99740102196737,
9.413375201216466,9.750930869527032,
9.991275406001947,9.702137890181326,

9.999966228396836,9.999959124175916,
9.999851657716865,9.99740102196737,
9.723759995948367,9.32134048124955,
9.997818776915832,9.702137890181326,

9.908072463417444,9.863559546550178,
9.996799732357971,9.99740102196737,
9.741186681442842,9.32134048124955,
9.932893046254598,9.702137890181326,

9.977891047817046,9.994336963891238,
9.996815733696181,9.990208539518598,
9.200110397263785,8.984469744398892,
9.962431807442803,9.702137890181326,

9.722540792040567,9.540133766326615,
9.99856568212127,9.990208539518598,
9.617430032150626,8.984469744398892,
9.805576824626986,9.702137890181326,

9.952255406198505,9.90645890477209,
9.995378131181562,9.990208539518598,
9.62689911587302,8.984469744398892,
9.801933741277672,9.702137890181326,

9.998980523346418,9.998668811248855,
9.995492528197722,9.990208539518598,
9.08795315882666,8.490771685818643,
9.926062797992888,9.702137890181326,

9.999618635176436,9.99774100053661,
9.99836151574716,9.990208539518598,
9.52928236595984,9.002847156480724,
9.928550089313145,9.702137890181326,

9.997278769458035,9.996669523524229,
9.99916092281768,9.990208539518598,
9.357314025725262,9.002847156480724,
9.375458577247674,9.702137890181326,

9.999266869622165,9.982039794567442,
9.999198922827906,9.990208539518598,
9.370071663255922,9.002847156480724,
9.375458577247674,9.850477245417846,

9.998352272355405,9.998063945610863,
9.996852088036482,9.990208539518598,
9.717792964893137,9.002847156480724,
9.375458577247674,9.914478907278092,

9.996781765496388,9.997021021524198,
9.994305986367177,9.991997389592996,
9.987558968128436,9.66383844067331,
9.375458577247674,9.92774132534106,

9.999000319939977,9.998517557093066,
9.99709996052681,9.991997389592996,
9.992668497760272,9.66383844067331,
9.375458577247674,9.989479754703332,

9.999869524882438,9.999850452565418,
9.999313057209353,9.991997389592996,
9.99642076948435,9.828326326936734,
9.375458577247674,9.439636770679414,

9.999352626511042,9.999603333308606,
9.999750667727781,9.995658658115127,
9.998260676449634,9.912409117261195,
9.375458577247674,9.929328910384257,

9.999507636039358,9.999128507921975,
9.999809426800326,9.995658658115127,
9.44829520289068,9.959068429535126,
9.375458577247674,9.968858873729701,

9.999927942103179,9.999912433616405,
9.999776063450035,9.995658658115127,
9.712935248283422,9.415775742051856,
9.667468161243724,9.969323658931923,

9.991971851142338,9.44998007562829,
9.999866343148803,9.995658658115127,
9.873255980003101,9.415775742051856,
9.667468161243724,9.861548417571296,

9.999885745950825,9.99991402292719,
9.999870303065908,9.995658658115127,
9.93934692489638,9.415775742051856,
9.667468161243724,9.965206859379935,

9.998114639542155,9.929084357017839,
9.999973947408662,9.99781789400817,
9.993023670155855,9.908950451003355,
9.667468161243724,9.992549312604428,

9.998523146330907,9.998126623126335,
9.999428041856886,9.99781789400817,
9.997640230939233,9.953131585036864,
9.831699227364016,9.996810078078648,

9.998824593102874,9.998140774490546,
9.999386930176684,9.999052414710787,
9.712807957269547,9.987645385264281,
9.831699227364016,9.435074708188775,

9.999816481555898,9.999783069134594,
9.99966284649416,9.999052414710787,
9.712807957269547,9.446847874789047,
9.831699227364016,9.435074708188775,

9.999980421825244,9.99999457334087,
9.999811979918718,9.999052414710787,
9.893579855147024,9.446847874789047,
9.923120206074055,9.435074708188775,

9.995660376696812,9.720780557029592,
9.999821669739067,9.999052414710787,
9.359380083534784,8.8996136354151,
9.97640682165769,9.435074708188775,

9.94079056220669,9.906985241849998,
9.961243169238283,9.994762017173798,
9.633074254265033,8.8996136354151,
9.833490416158675,9.634700927962271,

9.99853030890908,9.989382978407312,
9.961243169238283,9.97453266582486,
9.369537022332093,9.58369380702397,
9.941999932980071,9.735750381863593,

9.99707973642316,9.961781467722851,
9.961243169238283,9.991532507753313,
9.69544915606189,9.035775337988849,
9.935876688880171,9.735750381863593,

9.99473359392065,9.994296793050918,
9.961243169238283,9.991623469482798,
9.970567903724334,9.035775337988849,
9.964364691381368,9.836292857122501,

9.990276472855424,9.443491927954176,
9.961243169238283,9.994679793234308,
9.982669981014109,9.504169272105731,
9.98644975175013,9.836292857122501,

9.998156905999792,9.981204521371875,
9.961243169238283,9.996648650429766,
9.44062561425534,9.880230478977552,
9.994658045542327,9.836292857122501,

9.999223303819235,9.861391832079573,
9.978715313202734,9.996620840447388,
9.703798430281111,9.417626066058482,
9.994684755314616,9.836292857122501,

9.96244243732305,9.997801782139721,
9.978715313202734,9.996970097419617,
9.927867877336311,9.417626066058482,
9.987795121290073,9.836292857122501,

9.998264385664696,9.963717134015969,
9.978715313202734,9.997000320697854,
9.379299735992163,9.713395687377579,
9.922473953085873,9.836292857122501,

9.996492028276982,9.995455792564464,
9.978715313202734,9.99848422812077,
9.379299735992163,9.928823019774631,
9.922861583320444,9.836292857122501,

9.998717515767918,9.882223200264946,
9.988645252557484,9.99676704486792,
9.883702411074351,9.416337902093172,
9.800333895546617,9.837111392836889,

9.994726991586784,9.992478079613111,
9.988645252557484,9.996090143960746,
9.984556230771723,9.416337902093172,
9.800333895546617,9.947303856932455,

9.999794964505103,9.999816844772827,
9.992470128008272,9.996257579251573,
9.725910904830911,9.416337902093172,
9.883572947191013,9.416644382667913,

9.995465139352874,9.979471073310467,
9.992470128008272,9.99813329177249,
9.93170139935047,9.416337902093172,
9.970707901892563,9.416644382667913,

9.988412515721087,9.9974292679483,
9.992470128008272,9.998434604446524,
9.979754038694985,9.6746983766031,
9.970707901892563,9.416644382667913,

9.999296951338941,9.96489551292694,
9.992470128008272,9.997871963240703,
9.993860403490181,9.827427404420256,
9.994102238065533,9.416644382667913,

9.998955111095896,9.999953103253814,
9.992470128008272,9.998943702770548,
9.447055905895427,9.835864456103332,
9.99819171055638,9.416644382667913,

9.993253424131352,9.986534310789496,
9.992470128008272,9.997815053904201,
9.447055905895427,9.981710311372542,
9.98895663294758,9.416644382667913,

9.95864601903141,9.940604987296037,
9.992470128008272,9.97518601544111,
9.674792693508873,9.439033162145664,
9.994238647342303,9.416644382667913,

9.996274471835292,9.957192583130013,
9.992656501728899,9.97518601544111,
9.846512005506554,9.642001306896997,
9.842729948413806,9.416644382667913,

9.988437266851882,9.997979344569519,
9.997826576471454,9.97518601544111,
9.851804172279197,9.642001306896997,
9.920902632219242,9.416644382667913,

9.999306436988084,9.996938081126096,
9.998116450092777,9.97518601544111,
9.927076602877552,9.288090645499665,
9.979098660410333,9.416644382667913,

9.999874807418633,9.999860331061047,
9.999007309692708,9.98666995077959,
9.981671857823049,9.608486994628871,
9.981991418292054,9.416644382667913,

9.99987514951221,9.999847146004353,
9.999796406581133,9.98666995077959,
9.441155463034093,9.90213031789557,
9.981991418292054,9.416644382667913,

9.999100302764242,9.99958570799912,
9.999672688275826,9.98666995077959,
9.685714356615573,8.971704963804319,
9.943167850459965,9.416644382667913,

9.998698637820322,9.998334077057653,
9.999828726252783,9.98666995077959,
9.695025851574403,8.971704963804319,
9.991695398752217,9.416644382667913,

9.999967100765108,9.999957866362962,
9.99989623316075,9.98666995077959,
9.326963622642833,8.971704963804319,
9.995510003715706,9.416644382667913,

9.719090522992111,9.993824399761328,
9.992733776339811,9.994016339543368,
9.919936166303037,8.971704963804319,
9.934030488508197,9.416644382667913,

9.99887563200847,9.998595467272796,
9.99568972691139,9.99404625784565,
9.96046550229068,8.971704963804319,
9.982051151247624,9.675667283145515,

9.99981162459395,9.999736160342035,
9.9980079733376,9.99404625784565,
9.96423667903975,8.917146127800919,
9.988426666825841,9.675667283145515,

9.998880151572266,9.999957366597496,
9.998903895447423,9.99404625784565,
9.982948250895728,8.917146127800919,
9.994171606504214,9.675667283145515,

9.998798539841545,9.994675001010496,
9.99938907125603,9.99404625784565,
9.98915984751279,8.917146127800919,
9.994341038034282,9.675667283145515,

9.99915918397583,9.998364251431603,
9.999361732306392,9.99672071919456,
9.994809020382021,9.726294506184875,
9.998426440582506,9.675667283145515,

9.999974312585202,9.999969521673613,
9.999756034313204,9.998303568552394,
9.802687223989476,9.386095712073754,
9.966569033650153,9.675667283145515,

9.999969404111631,9.997814119836708,
9.999759675531575,9.999031021261233,
9.900978675850638,9.386095712073754,
9.983410987822321,9.675667283145515,

9.999971327786627,9.999833088405545,
9.99192076580492,9.999031021261233,
9.962501270176325,9.386095712073754,
9.969102650534714,9.675667283145515,

9.993414202667072,9.987520541928976,
9.99192076580492,9.999521302528064,
9.990101839580563,9.386095712073754,
9.978977289638046,9.675667283145515,

9.999812360969994,9.999732163121262,
9.99192076580492,9.998961633951605,
9.44659051082086,9.386095712073754,
9.988975794906533,9.675667283145515,

9.908345055478225,9.771394292868745,
9.991961161975896,9.988557394362498,
9.739168470894686,9.386095712073754,
9.894281155455543,9.675667283145515,

9.96204109135211,9.970879830970517,
9.992268286335287,9.990339165126915,
9.749420964443377,9.386095712073754,
9.894809749678265,9.675667283145515,

9.977093945949193,9.951501483564218,
9.992383683128196,9.990339165126915,
9.927314449557594,9.386095712073754,
9.945218540922088,9.675667283145515,

9.99956983007316,9.998455987832903,
9.996477641703084,9.990339165126915,
9.378399290483639,9.157161694054807,
9.9906917768621,9.675667283145515,

9.998965460324936,9.996734322102228,
9.998015647080873,9.994996317755083,
9.565338861023012,9.337663839446806,
9.628170743425883,9.836373723537271,

9.999396606577895,9.998800351952767,
9.999346049325737,9.998096168180556,
9.985726069890438,9.60315370996819,
9.628170743425883,9.854088322077057,

9.99601709925541,9.996174952702773,
9.998624637176485,9.998096168180556,
9.436218225768101,9.975019948184421,
9.628170743425883,9.904072571840967,

9.999623661094294,9.999790531212593,
9.997766350977539,9.999163614320569,
9.436218225768101,9.989272276513416,
9.628170743425883,9.440534440845111,

9.999942214910543,9.93118549825532,
9.997766350977539,9.999568562198291,
9.436218225768101,9.551619429430396,
9.630029889708755,9.440534440845111,

9.994000931878638,9.99105755069455,
9.997766350977539,9.997068470410055,
9.436218225768101,9.884738583032938,
9.085551739851116,9.61005166859589,

9.999540871818667,9.982036521099896,
9.997788631626538,9.997068470410055,
9.436218225768101,9.725526283823541,
9.085551739851116,9.815937724591173,

9.98368392288084,9.981360309147789,
9.999348043015422,9.997068470410055,
9.452921665009265,9.180974724154956,
9.085551739851116,9.93662953463678,

9.983893199918034,9.96452616205723,
9.995373011715657,9.991540400376145,
9.89037497250818,9.322384853920873,
9.085551739851116,9.833171356197905,

9.998754765132897,9.988160063045452,
9.996624401334149,9.991540400376145,
9.293077019474964,9.502248751284453,
9.085551739851116,9.89421235185726,

9.890853351402587,9.41333701686959,
9.998316755349048,9.991540400376145,
9.673720333838585,9.154739264370793,
9.430974248235117,9.774138137999108,

9.997854307921337,9.997275315672685,
9.991996195655798,9.991540400376145,
9.748090111105101,9.451417868338044,
9.430974248235117,9.885301169044109,

9.9995039518532,9.724380649151723,
9.99211565343611,9.991847836822117,
9.270896433166158,9.290897518336923,
9.430974248235117,9.984680145351266,

9.950680379795887,9.993580920862254,
9.98696102772404,9.992681203241261,
9.270896433166158,9.107329440542896,
9.430974248235117,9.965789255676526,

9.886823378877592,9.963479623362701,
9.98696102772404,9.990411538112298,
9.887584717753894,9.378669799166882,
9.430974248235117,9.95826513664581,

9.995100899355164,9.993457558677939,
9.98696102772404,9.991787665317934,
9.975689804844556,9.378669799166882,
9.430974248235117,9.953637352923081,

9.995669195809388,9.9985768368246,
9.99293872366848,9.997003887876113,
9.99193316609598,9.682682668928855,
9.430974248235117,9.98666491218032,

9.999098988193742,9.997873519930856,
9.99293872366848,9.998349375960457,
9.997774650524232,9.682682668928855,
9.71504077465685,9.439372711027218,

9.995383312864245,9.995144957303697,
9.993078893529887,9.990655168881508,
9.92767838432117,9.840256227215374,
9.923348077557009,9.7451211622152,

9.997897918403204,9.998510915779239,
9.997231309033914,9.991969643510778,
9.381558107782833,9.844210084772806,
9.979427775534873,9.7451211622152,

9.999800325605237,9.965372308733286,
9.997286268932204,9.991969643510778,
9.70420456154951,9.297302592387654,
9.989024419034237,9.7451211622152,

9.887563548824485,9.89888803493465,
9.973948975311567,9.991969643510778,
9.736414006138286,9.297302592387654,
9.84812090643654,9.7451211622152,

9.996717254255882,9.994182693379493,
9.984483791957153,9.924756445101337,
9.82818554972972,9.5468969868747,
9.9036980933159,9.7451211622152,

9.996543802651473,9.976115414604728,
9.994410103475172,9.924756445101337,
9.95611075380954,9.6145448361125,
9.868129554858765,9.825129484518014,

9.99949512276833,9.999345776827976,
9.996820451210514,9.924756445101337,
9.977750944051039,9.6145448361125,
9.977200590031062,9.825129484518014,

9.988967523211588,9.999018382091112,
9.998886199439912,9.924756445101337,
9.978625486723711,9.612685479848452,
9.993737061609679,9.825129484518014,

9.999240587712583,9.439461832056459,
9.998964093363796,9.924756445101337,
9.979362466116239,9.612685479848452,
9.98485743966787,9.825129484518014,

9.996543921975483,9.927113738186538,
9.999470095251963,9.924756445101337,
9.980371432455323,9.897783333497769,
9.992058526850606,9.825129484518014,

9.999876512504052,9.998769340472657,
9.999702237715924,9.924756445101337,
9.99529526706796,9.967432288371304,
9.991369678890717,9.908653368196102,

9.999434027049755,9.982156626341833,
9.997790060436836,9.924756445101337,
9.998703700169905,9.990187565195464,
9.993509030940778,9.908653368196102,

9.99995112862441,9.999864301803376,
9.998625097230516,9.924756445101337,
9.99921058778645,9.444703023552025,
9.998091010496534,9.908653368196102,

9.999857539659164,9.724861563327483,
9.999800065251215,9.924756445101337,
9.999767960243432,9.722148932295667,
9.998943271144908,9.908653368196102,

9.9999154999,9.997824884388212,
9.999620442275624,9.924756445101337,
9.449770274840002,9.951151810812977,
9.959315140713503,9.908653368196102,

9.99913906234124,9.86174173197129,
9.44978955096784,9.96214889010546,
9.71502351759364,9.40307188445677,
9.834590867179369,9.976513094280861,

9.965676542816823,9.97705999952087,
9.44978955096784,9.985539896245147,
9.92213738345777,9.40307188445677,
9.834590867179369,9.948312870675032,

9.997418311099326,9.995265220956929,
9.72306642855839,9.992799660394429,
9.987013286376863,9.40307188445677,
9.834590867179369,9.961632357615187,

9.997806720327194,9.997589529480365,
9.859553547578706,9.997318666033838,
9.995334485836079,9.40307188445677,
9.834590867179369,9.989636344620767,

9.999547664549088,9.96504378975817,
9.859553547578706,9.997855951734554,
9.996929316862941,9.40307188445677,
9.834590867179369,9.993739768934056,

9.969493964812543,9.837130513268171,
9.859553547578706,9.99913857144244,
9.920620699090627,9.40307188445677,
9.918414283679681,9.443833203665243,

9.992883244117902,9.97773375532222,
9.859553547578706,9.992501990616828,
9.960303705137862,9.40307188445677,
9.922597147631043,9.443833203665243,

9.996715507924868,9.977620475436925,
9.926083816717906,9.995903863681878,
9.962807958090771,9.830580284146205,
9.978087611915573,9.443833203665243,

9.995837159638022,9.99778282523263,
9.926083816717906,9.998228906280275,
9.43023560927363,9.433882579073801,
9.956391539081046,9.443833203665243,

9.999067006098297,9.99737934296517,
9.926083816717906,9.998708109233815,
9.444337988370862,9.174780376651288,
9.977136966596827,9.443833203665243,

9.95723003250442,9.921418225776172,
9.926083816717906,9.984956928270776,
9.810376929540851,9.317797425934426,
9.870560739773193,9.443833203665243,

9.99586543001912,9.958193415008875,
9.955850164001571,9.985715935812669,
9.95214138870354,9.317797425934426,
9.870560739773193,9.443833203665243,

9.983184344252276,9.972229285015937,
9.955850164001571,9.984232438860296,
9.959513995378455,9.620770297164821,
9.926419067115198,9.443833203665243,

9.999696619976394,9.449808556863644,
9.955850164001571,9.984389720282664,
9.98865435021368,9.620770297164821,
9.979483509104828,9.443833203665243,

9.999757331451956,9.86221933165693,
9.977915357809344,9.984776094169781,
9.997311750647505,9.809047778301522,
9.995791917560753,9.443833203665243,

9.995467085509993,9.447028707470562,
9.977915357809344,9.993449889655075,
9.995657896038963,9.809047778301522,
9.995014333317885,9.71932225748239,

9.999612944777066,9.995257770749935,
9.977915357809344,9.998070189427185,
9.998845960135235,9.809047778301522,
9.995014333317885,9.71932225748239,

9.999437940474664,9.997184354407212,
9.977915357809344,9.999026636572871,
9.998238174160248,9.903958337633789,
9.997440790821686,9.71932225748239,

9.999719125956304,9.999806212644824,
9.988478177516743,9.999247731646449,
9.999109683079412,9.9512356857309,
9.999087651119725,9.85839432019793,

9.99995849342523,9.965569828081073,
9.988478177516743,9.999625974807682,
9.999713672502201,9.9512356857309,
9.999564946895365,9.85839432019793,

9.999983432954906,9.991386364073175,
9.988478177516743,9.999906444296398,
9.999912652489758,9.993805683495673,
9.999836702987764,9.85839432019793,

9.980167808708847,9.977094036229843,
9.988478177516743,9.995925458595337,
9.983246890650296,9.996954482563535,
9.981646479517323,9.85839432019793,

9.998780461868703,9.998265628343475,
9.988478177516743,9.997445654950473,
9.991455225497294,9.446817691859888,
9.981646479517323,9.85839432019793,

9.999467745269097,9.999258007824643,
9.988478177516743,9.997533727115602,
9.99623291382204,9.446817691859888,
9.990891284450568,9.85839432019793,

9.998805056229351,9.99758926729795,
9.988478177516743,9.99898561087782,
9.998570251854673,9.446817691859888,
9.992978935787193,9.85839432019793,

9.95956122072047,9.44238050020519,
9.988478177516743,9.999344078249734,
9.746333434813895,9.446817691859888,
9.975419141264826,9.85839432019793,

9.998551654420272,9.448823347434924,
9.988478177516743,9.995994768288156,
9.950892299233391,9.599717968733714,
9.96167217873801,9.928424246077405,

9.997140797646493,9.987970335240153,
9.988478177516743,9.996660343787752,
9.990468915555784,9.599717968733714,
9.976551104953131,9.928424246077405,

9.997425239256366,9.998691535222148,
9.988478177516743,9.997827674491134,
9.994786134242336,9.599717968733714,
9.989348523149822,9.928424246077405,

9.999085955557353,9.999521631538567,
9.988478177516743,9.998995659352467,
9.998237476280135,9.798234707059464,
9.995584208121723,9.928424246077405,

9.971055376549657,9.697436797384483,
9.988478177516743,9.99942977867098,
9.448272463256135,9.94318100953424,
9.899130493202236,9.95135340361537,

9.994164145823845,9.984531716238946,
9.994342283683183,9.97563624967842,
9.842427397320424,9.987248087336193,
9.899130493202236,9.960116657796135,

9.999208937813954,9.998735790381508,
9.997543176970778,9.97563624967842,
9.29555529217143,9.442924716573907,
9.899130493202236,9.960316074507155,

9.995515027744231,9.994723108623393,
9.99873040520741,9.97563624967842,
9.889028858607801,9.116531643297815,
9.899130493202236,9.980152373071718,

9.999917116011314,9.982687272203275,
9.998197284234632,9.97563624967842,
9.947918240468463,9.503609760234713,
9.899130493202236,9.997130548059616,

9.998833858654361,9.995045205809866,
9.99392645301981,9.986925780535351,
9.988343062115314,9.503609760234713,
9.899130493202236,9.977732413221725,

9.998800949599019,9.998546136471566,
9.99410639697614,9.986925780535351,
9.9914842072759,9.503609760234713,
9.938597903423148,9.98483813905748,

9.994694378213808,9.991053176945492,
9.99430960459636,9.986925780535351,
9.441941040554802,9.767438584712739,
9.938597903423148,9.992280350495362,

9.995505894152965,9.99174317075505,
9.993196202020421,9.986925780535351,
9.707020228643817,9.591843989428728,
9.81696127310391,9.829392239371408,

9.99890306888325,9.855784087945779,
9.997607388135052,9.986925780535351,
9.717121981658082,9.654486557145363,
9.810038959433925,9.281094051783679,

9.999938425553868,9.982735708067182,
9.999342159046947,9.986925780535351,
9.966571559301606,9.759911994670107,
9.850855381855215,9.281094051783679,

9.99922800272244,9.981973764474816,
9.99972371390863,9.986925780535351,
9.41756196011563,9.878604532904868,
9.962415123461522,9.281094051783679,

9.99947160179714,9.998909863644979,
9.999603224602502,9.986925780535351,
9.423371779563476,9.391618596237606,
9.989845183368278,9.281094051783679,

9.999854146032607,9.449951273238261,
9.999840486622778,9.986925780535351,
9.898360771562352,9.391618596237606,
9.95641917276679,9.281094051783679,

9.698004708678347,9.997444219300988,
9.996583285376694,9.986925780535351,
9.398870316888862,9.391618596237606,
9.97690089715552,9.281094051783679,

9.984538558910135,9.98031751385938,
9.996000126041643,9.986925780535351,
9.155138377247951,9.391618596237606,
9.698543280126493,9.281094051783679,

9.999222131339568,9.998743469825751,
9.994673405510452,9.986925780535351,
8.62190930236235,8.300437200740134,
9.698543280126493,9.281094051783679,

9.998556284607055,9.997261266951249,
9.997440038363257,9.986925780535351,
8.813901027939758,8.481604820362843,
9.763367754761148,9.281094051783679,

9.944641661798965,9.903282895153566,
9.963944613874215,9.986925780535351,
9.7724055562635,8.481604820362843,
9.768065022997366,9.281094051783679,

9.97439818345271,9.967324415193168,
9.963944613874215,9.986768481172067,
9.79514510253897,8.481604820362843,
9.769224697882379,9.281094051783679,

9.99246226113509,9.994495845650288,
9.980490699861686,9.877757481880124,
9.967259635034853,9.135018914318252,
9.79528339140964,9.281094051783679,

9.856910258203225,9.826133045729208,
9.990743960777307,9.931497610674185,
9.715460544242656,9.135018914318252,
9.661327721542518,9.281094051783679,

9.98625577906802,9.443070862384925,
9.991018193992774,9.931497610674185,
9.281262266499201,9.135018914318252,
9.936054983873943,9.281094051783679,

9.997840263141454,9.998819989629744,
9.993997970182594,9.931497610674185,
9.916399252474353,9.135018914318252,
9.806990036698714,9.281094051783679,

9.970453490019192,9.698931853913852,
9.99694314691772,9.931497610674185,
9.652249968407867,9.135018914318252,
9.862468203330383,9.593164344633138,

9.998860171231943,9.96368885344618,
9.994232622834183,9.931497610674185,
9.109152980192643,8.58934381974666,
9.862468203330383,9.593164344633138,

9.810445496742364,9.916859111023417,
9.995637123573486,9.931497610674185,
9.666290128568829,9.187536038220577,
9.49095076669644,9.51613866369194,

9.992164230456817,9.952032523122773,
9.985685128007562,9.931497610674185,
9.194490300985503,9.187536038220577,
9.49095076669644,9.905253324383049,

9.995830553639284,9.960014498358113,
9.989571315303378,9.931497610674185,
9.408938656138119,9.036130303405294,
9.49095076669644,9.470568170344418,

9.998313738643496,9.979667185621572,
9.992424694551843,9.931497610674185,
8.873568161380163,9.036130303405294,
9.727054147235307,9.470568170344418,

9.998496638900694,9.998048058537291,
9.994279376682854,9.931497610674185,
8.980714346744657,9.648613021623904,
9.854344337707886,9.470568170344418,

9.999220425359798,9.943710572444768,
9.997209920537937,9.931497610674185,
8.980714346744657,9.018507281243679,
9.877110317600968,9.614532595276463,

9.99863427352652,9.980796480883066,
9.998802068862542,9.964682499802901,
9.754877165090726,8.502348515347594,
9.464598995351393,9.805250080396558,

9.99985761564946,9.999769697798357,
9.999436090303476,9.981748273988408,
9.888324810897199,8.502348515347594,
9.464598995351393,9.903349884971792,

9.991787467969802,9.97087179706087,
9.999678964647615,9.981748273988408,
9.970120260261723,8.502348515347594,
9.464598995351393,9.931597241862496,

9.997023542557105,9.995439326708482,
9.9972400051047,9.993677024315993,
9.963626183036663,8.502348515347594,
9.730711102112927,9.942682439656025,

9.997761340737053,9.998523180567977,
9.998165391659505,9.996739172578419,
9.997549381071995,9.242349942808566,
9.730711102112927,9.979281788925977,

9.999897308693521,9.999828719331129,
9.999124642755305,9.996739172578419,
9.998553640480486,9.242349942808566,
9.730711102112927,9.997999118967623,

9.815759516595072,9.952888618143412,
9.9997720844956,9.996739172578419,
9.448691608020399,9.633555668002945,
9.730711102112927,9.998319059284682,

9.995109495869606,9.996884483827856,
9.99735226821715,9.996739172578419,
9.448691608020399,9.190812873303168,
9.730711102112927,9.885190436421167,

9.998092309381608,9.963679549340005,
9.9977468408558,9.996739172578419,
9.45963535491082,9.190812873303168,
9.730711102112927,9.968300465868811,

9.993291327063499,9.986208379383495,
9.999369406108864,9.996739172578419,
9.980931316219177,9.190812873303168,
9.730711102112927,9.968458963539467,

9.997850993191907,9.996174271165398,
9.997884669713649,9.996739172578419,
9.992369265626255,9.190812873303168,
9.730711102112927,9.984432194639876,

9.99675751042777,9.989243884896691,
9.99841591218481,9.996739172578419,
9.994203981179819,9.190812873303168,
9.730711102112927,9.99307677020358,

9.998126595687292,9.99949580505633,
9.999092417239368,9.997597165961473,
9.996616008575531,9.593714483665435,
9.730711102112927,9.996308236426511,

9.998377792495472,9.99783354708233,
9.999015347755584,9.997597165961473,
9.99784611881692,9.593714483665435,
9.730711102112927,9.99717909849899,

9.999176391059935,9.44961218896582,
9.999557401912568,9.998578395992517,
9.998888680356535,9.796616101875456,
9.730711102112927,9.99857570971767,

9.999992887838623,9.99999067557194,
9.99970393845216,9.998578395992517,
9.999674408568186,9.796616101875456,
9.730711102112927,9.999204631958392,

9.999994709492869,9.99992498887,
9.9999244612854,9.999215558529848,
9.999694948603654,9.796616101875456,
9.730711102112927,9.999212565754608,

9.999981023154632,9.997849816960205,
9.999962843642813,9.999215558529848,
9.999856726001335,9.949117038560907,
9.730711102112927,9.999615406515144,

9.993207035530675,9.718305500620936,
9.999965763458032,9.999215558529848,
9.999845977369077,9.974489699851397,
9.730711102112927,9.99935212614415,

9.99974472790825,9.724812117412387,
9.999805330054231,9.999538470967337,
9.925362679582829,9.438664608105661,
9.730711102112927,9.99388755825753,

9.99968174744124,9.997488227627631,
9.999411112064578,9.999538470967337,
9.981230654098848,9.438664608105661,
9.730711102112927,9.98043013162112,

9.999902830151061,9.999986004087056,
9.999698380652944,9.999812755958288,
9.99801172566165,9.438664608105661,
9.867962760350851,9.438594823379683,

9.999919866162951,9.998872846072521,
9.999698380652944,9.999945821312618,
9.999503647795919,9.438664608105661,
9.934060803003469,9.719273283424045,

9.881423587350122,9.657717266053272,
9.999698380652944,9.999954025038207,
9.99527407691036,9.438664608105661,
9.975719292399743,9.719273283424045,

9.999312187718296,9.998467835576093,
9.99737347942201,9.997027684374947,
9.992288320042029,9.438664608105661,
9.990412118108498,9.719273283424045,

9.989263422912375,9.9207832288952,
9.998463675452456,9.997027684374947,
9.995225646401883,9.716957123117083,
9.993282912375927,9.719273283424045,

9.993511861437934,9.720822564459176,
9.997872249019188,9.99707204655719,
9.737802468491676,9.168372337501498,
9.661301109942194,9.719273283424045,

9.999521059788115,9.99467463929697,
9.998010550162537,9.99707204655719,
9.744292184324872,9.168372337501498,
9.661301109942194,9.92506268736736,

9.979263690335149,9.708181109176245,
9.997326344392715,9.997091841752884,
9.395942628360658,9.804279454764623,
9.661301109942194,9.886219421083265,

9.99902097526779,9.724263815043518,
9.997379417791674,9.997235662859602,
9.395942628360658,9.354752656845617,
9.831082675227144,9.29756154368103,

9.979931981749676,9.43325566607884,
9.998568757557397,9.997235662859602,
9.701133818511117,8.82986297145614,
9.878505624758574,9.29756154368103,

9.913965902637571,9.440869496809329,
9.995670054418348,9.983620042584421,
9.8906771461168,9.36027143909068,
9.852371516992577,9.29756154368103,

9.99496120479046,9.991003409381332,
9.986516608791794,9.983620042584421,
9.354218183142029,8.813470081895225,
9.853844111110575,9.29756154368103,

9.965557107368266,9.90824692094419,
9.978982961858705,9.983620042584421,
9.92345181996728,9.756139718573355,
9.810378782318619,9.29756154368103,

9.986561368835781,9.445269645366656,
9.979088047049412,9.952845380470624,
9.959492665841594,9.858882784013826,
9.969870481273276,9.29756154368103,

9.995778423814786,9.985971791231593,
9.983887801312354,9.952845380470624,
9.41553031912313,9.858882784013826,
9.977184820198485,9.29756154368103,

9.998572095024933,9.981916700291741,
9.996064951097475,9.952845380470624,
9.421360404189876,9.310290428243288,
9.16073790322342,9.29756154368103,

9.971958176391542,9.95009167725372,
9.998569673748644,9.952845380470624,
8.879996672487291,9.727884454883075,
9.633535889785158,9.102915818514052,

9.938142586772333,9.998258099954255,
9.995202467578132,9.952845380470624,
8.879996672487291,8.490180929564202,
9.71055525334347,9.102915818514052,

9.987670954026616,9.971044972336143,
9.995742688368555,9.952845380470624,
9.423230275054717,8.490180929564202,
9.713442464691369,9.102915818514052,

9.951055902231023,9.91049024455533,
9.995058994847941,9.973558338039414,
9.269705937576127,8.490180929564202,
9.774224109768348,9.102915818514052,

9.97832576727296,9.830992779106168,
9.952206211875744,9.973558338039414,
9.772149691852512,9.057078731240935,
9.665061844939476,9.102915818514052,

9.92810240036011,9.954276534744647,
9.952206211875744,9.974272584576742,
9.849652769005939,9.057078731240935,
9.812498593713816,9.102915818514052,

9.98192727622104,9.961996765329669,
9.952206211875744,9.985006931707685,
9.92073617432878,9.057078731240935,
9.812498593713816,9.102915818514052,

9.957562742236904,9.948243657808913,
9.952206211875744,9.970735915743047,
9.94649446287102,9.057078731240935,
9.921351778794804,9.102915818514052,

9.988741176831045,9.445804766034595,
9.952206211875744,9.990920035650829,
9.98676016743979,9.740958480266077,
9.962492340059423,9.102915818514052,

9.987827950275925,9.978812789824763,
9.952206211875744,9.992660368672807,
9.976424591165415,9.859630679489158,
9.968819496644922,9.53335115645519,

9.996720090221679,9.855498643721802,
9.952206211875744,9.990646422231976,
9.984445966729592,9.859630679489158,
9.972146105781786,9.53335115645519,

9.996775417686493,9.994574501386523,
9.952206211875744,9.994302573541148,
9.99382605941241,9.859630679489158,
9.972146105781786,9.53335115645519,

9.996613219195243,9.993457111038193,
9.95291954013772,9.444387608343224,
9.44195164642781,9.311030863461252,
9.992071483956781,9.53335115645519,

9.872236087704717,9.831593564090905,
9.967317168887234,9.444387608343224,
9.469234557627743,9.311030863461252,
9.719748231176718,9.53335115645519,

9.656767628234734,9.993199304965472,
9.977472623081608,9.444387608343224,
9.053287130988387,9.324707244875508,
9.726684811894895,9.53335115645519,

9.928072350754615,9.795510498367207,
9.978515486843616,9.444387608343224,
9.053287130988387,9.119670232755452,
9.88909467929319,9.53335115645519,

9.931176942866411,9.991781220834017,
9.979047255332805,9.444387608343224,
9.75969306125456,8.574071881591674,
9.50906136816231,9.647723643548602,

9.9951143384772,9.999107473106307,
9.994948153922614,9.444387608343224,
9.236588221500277,8.574071881591674,
9.50906136816231,9.826067020386951,

9.353827251785564,9.971265512060205,
9.990318291767416,9.444387608343224,
8.172081865011762,9.269213383169365,
9.50906136816231,9.725758743262423,

9.924737917605622,9.814603810709457,
9.992959100534534,9.444387608343224,
8.727909907443644,9.08988075960806,
9.6855595533724,9.568592815872112,

9.959403894618905,9.91576993259264,
9.989174155254226,9.444387608343224,
8.740599006116891,8.557947081020634,
9.911178357069073,9.568592815872112,

9.652771656771026,9.84925667865119,
9.98197713393763,9.444387608343224,
9.347677961759873,8.406074131581455,
9.814635617170033,9.568592815872112,

9.413374597093833,9.91596857533201,
9.970047877458097,9.706555409861071,
9.814109560587607,9.182717660039774,
9.850362340569971,9.568592815872112,

9.977036660599936,9.699821983041607,
9.973670024383457,9.706555409861071,
9.752733573051442,9.182717660039774,
9.941941837364428,9.568592815872112,

9.997290211643616,9.989112638790392,
9.99268705876503,9.706555409861071,
9.87905446522837,9.182717660039774,
9.967647669119426,9.568592815872112,

9.998753639153819,9.963944840499478,
9.99612882865302,9.706555409861071,
9.943146508855289,9.182717660039774,
9.925225086159841,9.568592815872112,

9.999428100063474,9.99462755940958,
9.982080824067411,9.85202352811724,
9.224860100188792,9.182717660039774,
9.91864206740355,9.568592815872112,

9.968723547553198,9.893922361818046,
9.99213117227924,9.85202352811724,
9.598922212830074,9.182717660039774,
9.91864206740355,9.568592815872112,

9.998971195698864,9.964178480991272,
9.974436816550648,9.85202352811724,
9.132154308205617,9.194915701123971,
9.93828268354222,9.568592815872112,

9.91573708850304,9.970304897348182,
9.98745978948726,9.85202352811724,
9.762700643247038,8.656931684920231,
9.938591270124508,9.568592815872112,

9.96658680385476,9.993025431394663,
9.987770175333564,9.85202352811724,
9.855368888923191,8.656931684920231,
9.939203822205016,9.568592815872112,

9.999898470698653,9.999785250562766,
9.993923236481212,9.85202352811724,
9.930591357700166,8.656931684920231,
9.915156155184619,9.568592815872112,

9.991679182035027,9.715182512609822,
9.997172974796612,9.85202352811724,
9.388805850178532,8.656931684920231,
9.954228793670413,9.568592815872112,

9.990982268513418,9.849307007717927,
9.993244877104665,9.85202352811724,
9.849834636017045,8.656931684920231,
9.955229270020004,9.568592815872112,

9.99052079231475,9.98410960779615,
9.992153959590118,9.85202352811724,
9.948258916461057,8.656931684920231,
9.950451100033776,9.568592815872112,

9.998893086773101,9.996984283298481,
9.994079500592505,9.922276847288744,
9.430746177472948,8.656931684920231,
9.965646435418343,9.568592815872112,

9.999968730931116,9.99995312013716,
9.997582041255587,9.922276847288744,
9.466657729696408,9.050890811615904,
9.850506963837159,9.568592815872112,

9.998141363875966,9.997670105126424,
9.99523004889448,9.95994751851378,
9.861698291694887,9.050890811615904,
9.831393954094619,9.568592815872112,

9.957350925492921,9.81432572603132,
9.99796125479989,9.95994751851378,
9.304513985268564,9.050890811615904,
9.842839074456627,9.568592815872112,

9.992775415270582,9.987353902236272,
9.977273391620919,9.95994751851378,
9.335192166624786,9.050890811615904,
9.764587686228918,9.568592815872112,

9.467491378142741,9.184540383618424,
9.987898777081675,9.95994751851378,
9.810528078682236,9.050890811615904,
9.539114798903212,9.508540950624496,

9.947874273696472,9.898405497568074,
9.765841467055223,9.96860805032312,
9.755349851867212,9.050890811615904,
9.78146783124416,9.508540950624496,

9.986950004050506,9.994390783439268,
9.871147484240318,9.976334579715438,
9.839659102625365,9.050890811615904,
9.936985788752093,9.508540950624496,

9.990122736999941,9.952229077198663,
9.871147484240318,9.981768858075196,
9.982759448139316,9.512908182178334,
9.970529167704386,9.508540950624496,

9.967742926930057,9.449886564666155,
9.871147484240318,9.993567446930683,
9.991860652811301,9.512908182178334,
9.993795840780404,9.508540950624496,

9.999171135011792,9.994768007640182,
9.871147484240318,9.995653825375094,
9.994036363829103,9.512908182178334,
9.996245363406187,9.508540950624496,

9.998610845518787,9.998305613375951,
9.871147484240318,9.998880629282976,
9.99773545419525,9.512908182178334,
9.99755181469233,9.508540950624496,

9.999735221899204,9.991059376354084,
9.871147484240318,9.999047268546631,
9.44834405710499,9.763755498507493,
9.878942254342537,9.508540950624496,

9.97443680893631,9.706750378763399,
9.871147484240318,9.99954462925442,
9.875230245820207,9.409776677634815,
9.706654092178088,9.508540950624496,

9.985660271622194,9.987019206549558,
9.871147484240318,9.984959165765975,
9.973638027635584,9.409776677634815,
9.838908420536622,9.508540950624496,

9.995803478029089,9.998613213943422,
9.871147484240318,9.991564344197489,
9.362063485132705,9.703766442423067,
9.87664294613553,9.508540950624496,

9.974404823807948,9.425705299835673,
9.871147484240318,9.986543115599556,
9.362063485132705,9.960721552984488,
9.952011527499547,9.508540950624496,

9.832589802864334,9.831503607201292,
9.871147484240318,9.984281047542217,
9.678226246638399,9.423153001519395,
9.830041573276763,9.508540950624496,

9.939376706599116,9.404355357550427,
9.871147484240318,9.951212290904769,
9.908593705375015,9.423153001519395,
9.878204358893885,9.508540950624496,

9.972778971538034,9.960540112098279,
9.871147484240318,9.973363838184348,
9.954888893028194,9.880131865987181,
9.940992390460195,9.508540950624496,

9.993395143836842,9.981505230212932,
9.871147484240318,9.988103306564387,
9.98496154523873,9.95606692905184,
9.972909966042382,9.508540950624496,

9.996617311160346,9.92643785563364,
9.9326052636717,9.994430022196578,
9.985216984474008,9.95606692905184,
9.978806454835201,9.508540950624496,

9.996976003532168,9.96471961768393,
9.9326052636717,9.995765894265901,
9.984903804736103,9.97078886482759,
9.989808662853324,9.508540950624496,

9.935547678140647,9.43457580753785,
9.9326052636717,9.997595546455102,
9.994910877090412,9.97078886482759,
9.996154692027647,9.508540950624496,

9.996138311461834,9.990069395056228,
9.9326052636717,9.99569614853409,
9.994359232164381,9.97078886482759,
9.995116321320017,9.508540950624496,

9.997741803784509,9.963998948922548,
9.9326052636717,9.996939318520532,
9.996520594335106,9.97078886482759,
9.996630893933862,9.508540950624496,

9.702371735178874,9.471034341974374,
9.9326052636717,9.998784999660664,
9.99846221352659,9.97078886482759,
9.996751928093571,9.508540950624496,

9.999640806777517,9.999210660599271,
9.9326052636717,9.995993853055767,
9.99863863570036,9.991339970624319,
9.998266851269218,9.508540950624496,

9.9989367805266,9.994745532006604,
9.965277671553629,9.99835528695612,
9.999094529228145,9.997073503318191,
9.998733214180874,9.508540950624496,

9.999741585257535,9.930911188972944,
9.965277671553629,9.999026012869475,
9.99914478552331,9.997073503318191,
9.999190480399852,9.508540950624496,

9.999938224679848,9.999900133672131,
9.965277671553629,9.999691842204609,
9.999609284685173,9.998245933550063,
9.999214464434232,9.508540950624496,

9.99988474567804,9.998811424099028,
9.965277671553629,9.999855363649718,
9.999825213560978,9.999453228721318,
9.999766360005644,9.508540950624496,

9.999923210517219,9.965576532889592,
9.965277671553629,9.999928637373875,
9.999911339868243,9.999453228721318,
9.999835426650382,9.508540950624496,

9.999969822851835,9.999899043792366,
9.965277671553629,9.999966534971396,
9.99996669250724,9.999453228721318,
9.999928211006353,9.754234761189782,

9.999996671619087,9.449998802929056,
9.965277671553629,9.999985520006808,
9.999990813129166,9.999453228721318,
9.999981914723072,9.754234761189782,

9.999996394006935,9.99140260695103,
9.965277671553629,9.999992741160607,
9.99999249862087,9.999720247775494,
9.99998754343918,9.754234761189782,

9.999121487319393,9.996299476454203,
9.965277671553629,9.996129343098193,
9.998512701762174,9.999014102040864,
9.965734669250477,9.87711381336613,

9.996537562897597,9.923517121075395,
9.965277671553629,9.994884684000176,
9.996838075824797,9.996933054576042,
9.99568163354728,9.87711381336613,

9.999124913679307,9.99859902473214,
9.965277671553629,9.997868361035708,
9.996849805297211,9.997928810972624,
9.996953647866164,9.87711381336613,

9.999790604823346,9.999726684650678,
9.965277671553629,9.999102843582497,
9.996849805297211,9.449022526838155,
9.998960567207366,9.87711381336613,

9.999679280033202,9.98245007344493,
9.965277671553629,9.999479771865104,
9.999110271120674,9.449022526838155,
9.99936716984001,9.87711381336613,

9.999950853071148,9.999757830135945,
9.982410262365924,9.999561928738705,
9.999776428836032,9.449022526838155,
9.999577860381638,9.87711381336613,

9.993767335058811,9.947114005187963,
9.982410262365924,9.999836945173662,
9.999780152452201,9.449022526838155,
9.999693395859255,9.87711381336613,

9.999815289766726,9.724779617537983,
9.982410262365924,9.999282369611645,
9.998977821154188,9.862095635237377,
9.999693395859255,9.87711381336613,

9.999888078391939,9.999285543067387,
9.982410262365924,9.999635538704172,
9.999729398056502,9.862095635237377,
9.999742204885848,9.87711381336613,

9.999876063055797,9.997739042270462,
9.982410262365924,9.999875709585142,
9.999857335493875,9.862095635237377,
9.999742204885848,9.87711381336613,

9.993746259092688,9.986038539485651,
9.982410262365924,9.991746573772268,
9.984221637567513,9.862095635237377,
9.974578209638366,9.87711381336613,

9.996077345550564,9.990487980840047,
9.982410262365924,9.994397886259293,
9.989971019816629,9.862095635237377,
9.988824176296578,9.87711381336613,

9.99463790917833,9.721035216116006,
9.982410262365924,9.996524819434772,
9.440972267263508,9.933270040497106,
9.988990976862329,9.87711381336613,

9.992029328556658,9.850460422425936,
9.982410262365924,9.998933157487652,
9.86658603776199,9.385570846339196,
9.845347011072203,9.956309235753638,

9.99520052997423,9.986229556694365,
9.982410262365924,9.995259112953704,
9.96667045747272,9.796432240359884,
9.845347011072203,9.960334031549912,

9.990807590429412,9.991030774981514,
9.982410262365924,9.996523689780357,
9.987927751069762,9.932940789860698,
9.903234706830776,9.981827013033293,

9.997693523229657,9.97942364371649,
9.982410262365924,9.996859570488866,
9.995609955607403,9.932940789860698,
9.903234706830776,9.986700790004019,

9.995049191941392,9.94083097564981,
9.982410262365924,9.998006665584356,
9.98926665466896,9.932940789860698,
9.903234706830776,9.986767286053999,

9.999240143259561,9.860928759180375,
9.982410262365924,9.99463316864401,
9.99554955400692,9.96275640192211,
9.903234706830776,9.995998284468829,

9.998315577735477,9.99679235034262,
9.982410262365924,9.997749808954332,
9.997482435137286,9.96275640192211,
9.949646408473399,9.996651415179361,

9.999811357996187,9.862209506995114,
9.982410262365924,9.998946563413032,
9.999350698052194,9.980285516941812,
9.949646408473399,9.99741464270277,

9.999816961622532,9.724656868859416,
9.982410262365924,9.999365852569918,
9.99952674547275,9.989865734830058,
9.993295143748192,9.448392380280463,

9.999658947440501,9.999384979456636,
9.982410262365924,9.999727615621433,
9.998301235420216,9.989865734830058,
9.997716613366777,9.448392380280463,

9.99851739360583,9.929159488497916,
9.982410262365924,9.999815721721689,
9.449458278785684,9.440215157738177,
9.999447733253007,9.448392380280463,

9.944409536991657,9.888918589798166,
9.9630663318181,9.954745040390886,
9.871418778604014,9.440215157738177,
9.873903838398274,9.448392380280463,

9.99599937526665,9.98331198798541,
9.969665809246344,9.954745040390886,
9.325228317537881,9.440215157738177,
9.905005193432856,9.448392380280463,

9.994266007071468,9.98830216394994,
9.984346067375064,9.954745040390886,
9.830730640899851,8.893014081949485,
9.829348112854861,9.448392380280463,

9.995760479694852,9.982003229366754,
9.992714434727105,9.972528345672824,
9.392979475296283,8.893014081949485,
9.957519011585413,9.448392380280463,

9.996545053032015,9.917289257856165,
9.990160631259652,9.972528345672824,
8.855029135842525,8.898549011539737,
9.948339056297293,9.448392380280463,

9.998148266874585,9.723132972498103,
9.992675985148134,9.972528345672824,
8.327757379265876,8.354056266482038,
9.413447835091336,9.92623752756693,

9.525938204917273,9.911735200186971,
9.994455762967428,9.972528345672824,
8.360952230363608,7.812285985149628,
9.413447835091336,9.92623752756693,

9.845745333102528,9.442285116862738,
9.980248316729714,9.972528345672824,
9.225449323560685,7.812285985149628,
9.419298692936298,9.053579296200699,

9.8155174131767,9.371472042526836,
9.972416929531386,9.944772031961064,
9.441431394329761,7.812285985149628,
9.421671795288017,9.053579296200699,

9.95478120156665,9.337854652163351,
9.962928221766333,9.944772031961064,
8.620586438362896,7.812285985149628,
9.629229821415755,9.053579296200699,

9.3192459829991,9.69184795062499,
9.968848974011584,9.944772031961064,
8.110214893974007,7.420699365091947,
9.650347730323135,9.053579296200699,

9.93649695668903,9.80039355815025,
9.969467337433496,9.944772031961064,
8.138420172904581,7.420699365091947,
8.816508761396836,9.053579296200699,

9.992729974889166,9.98829859741576,
9.968303737858767,9.944772031961064,
8.677972581019915,7.420699365091947,
8.816508761396836,9.063019842721097,

9.969358534317903,9.70552182639571,
9.983830798640213,9.944772031961064,
9.379894568342781,7.420699365091947,
8.816508761396836,8.888307213134475,

9.569327535830453,9.997037236426149,
9.991659512786203,9.944772031961064,
9.576549289398477,7.730324991790302,
8.816508761396836,9.110492949286527,

9.993061795542411,9.988547008413523,
9.97898427937209,9.944772031961064,
9.35148753289413,7.730324991790302,
8.816508761396836,9.517929594475808,

9.99126993333795,9.443066257009335,
9.988865404934064,9.944772031961064,
9.386277256688242,7.730324991790302,
8.816508761396836,9.545959067295698,

9.99351022143077,9.679326695485614,
9.989141000045427,9.944772031961064,
9.159252165006054,7.730324991790302,
8.816508761396836,9.725334500143108,

9.911991481417772,9.804050481055715,
9.971095018124885,9.944772031961064,
9.162201743170565,7.730324991790302,
8.816508761396836,9.840453884068356,

9.99599196477833,9.940335430386693,
9.967002670235994,9.944772031961064,
8.974794339804774,7.730324991790302,
8.993544243567847,9.841251614648014,

9.636487015400597,9.36176101048982,
9.957927614366247,9.944772031961064,
9.372312157391804,7.730324991790302,
8.993544243567847,9.501626316869888,

9.855273512870754,9.901347082733807,
9.877194379130128,9.893389384287698,
9.796835060984154,7.730324991790302,
8.993544243567847,9.38788891288411,

9.91614874497764,9.882873420987309,
9.877194379130128,9.909885653029288,
9.707228217513482,7.730324991790302,
8.993544243567847,9.649423964054396,

9.977829309748088,9.937231215762342,
9.877194379130128,9.944098744237763,
9.945881318777282,7.730324991790302,
8.993544243567847,9.876967930915402,

9.985473740788262,9.712076236802574,
9.877194379130128,9.968852863858935,
9.949073065638068,7.730324991790302,
8.993544243567847,9.944936753043624,

9.925185877352448,9.997515422567522,
9.877194379130128,9.982888222900542,
9.979310278833099,7.730324991790302,
8.993544243567847,9.985763618538607,

9.989083298633247,9.971421837749542,
9.877194379130128,9.99069694033641,
9.98712456761643,7.730324991790302,
8.993544243567847,9.98182513130553,

9.996326704045973,9.993997840652547,
9.877194379130128,9.99377256294885,
9.993250470205089,7.730324991790302,
8.993544243567847,9.987029293537407,

9.996377731926959,9.44786469446553,
9.937216380765191,9.997210487272985,
9.993967567920363,7.730324991790302,
8.993544243567847,9.99535924130392,

9.84535627626104,9.400165337213906,
9.937216380765191,9.998106312850247,
9.997403343372904,8.863950321117514,
8.993544243567847,9.995474105868105,

9.996944716733193,9.997105850913995,
9.937216380765191,9.996572553492243,
9.993242977217754,8.863950321117514,
8.993544243567847,9.995832360413365,

9.997561561266297,9.981083588100889,
9.96777461263398,9.99831600454825,
9.997962533508648,9.430187484138925,
8.993544243567847,9.996174050228493,

9.998813415688513,9.999228916537323,
9.983062358887723,9.999321440256393,
9.998683780202356,9.71434751409422,
8.993544243567847,9.998283499732313,

9.999879231029317,9.982513176744714,
9.983062358887723,9.999331077982308,
9.448986008510698,9.71434751409422,
9.496252271909285,9.999187461061736,

9.920541151227605,9.855495933588838,
9.880054954518169,9.907655221505603,
9.741044396862033,9.488525702345218,
9.496252271909285,9.768496536649362,

9.95319503823099,9.685082639904106,
9.880054954518169,9.929646328120086,
9.866655924512687,9.488525702345218,
9.496252271909285,9.767501965669382,

9.947679267859064,9.966807331209413,
9.925141635313105,9.850261655739894,
9.912883735687888,9.488525702345218,
9.496252271909285,9.92482311359959,

9.87185971854657,9.908900439203968,
9.966127695929298,9.850261655739894,
9.367142838484416,9.818622818329997,
9.496252271909285,9.734966491168475,

9.988197375882866,9.934190025050608,
9.966966077689682,9.942245982299163,
9.367142838484416,9.369270506826467,
9.496252271909285,9.885866404725505,

9.656101843109596,9.865372782131121,
9.937099350091215,9.942822078625728,
9.615814906942713,9.007597071594457,
9.496252271909285,9.684207846907142,

9.950901700142087,9.7859386347719,
9.937099350091215,9.951284865231107,
9.93322490866412,9.461237496028868,
9.496252271909285,9.736212185066018,

9.986409082844045,9.929163588512747,
9.937099350091215,9.97574820072915,
9.978322827106496,9.461237496028868,
9.496252271909285,9.860096434744136,

9.988491958880843,9.79987208320459,
9.937099350091215,9.964973300996398,
9.971988937679209,9.461237496028868,
9.496252271909285,9.96737894648993,

9.989276404371424,9.98590159423217,
9.937099350091215,9.983489290261078,
9.986240824059712,9.461237496028868,
9.496252271909285,9.978231790231531,

9.734609973842757,9.626561952424659,
9.937099350091215,9.989059530627078,
9.98906691384401,9.461237496028868,
9.496252271909285,9.71686308650527,

9.994447619713627,9.894183820900606,
9.937099350091215,9.986975747750858,
9.992215950393176,9.461237496028868,
9.496252271909285,9.853678332914447,

9.990719526172,9.92612337096973,
9.937099350091215,9.993290277968923,
9.963590640328235,9.461237496028868,
9.496252271909285,9.9793088857433,

9.996509177688127,9.993899492553368,
9.937099350091215,9.995435450391337,
9.991694674886471,9.727344665518018,
9.496252271909285,9.987593599089507,

9.99895450760541,9.964369518071603,
9.937099350091215,9.997953844654523,
9.997544160090946,9.727344665518018,
9.496252271909285,9.988021363768322,

9.998473466885617,9.441809462374328,
9.937099350091215,9.99818728597764,
9.99809225263104,9.727344665518018,
9.496252271909285,9.992968479945214,

9.998850260670924,9.99384873581581,
9.937099350091215,9.99869332678211,
9.997673560413624,9.727344665518018,
9.496252271909285,9.997326937950287,

9.991576326348193,9.41641792821045,
9.937099350091215,9.998502232648576,
9.447708282815256,9.950392908548974,
9.496252271909285,9.997340303260536,

9.999064677478671,9.85139989383762,
9.937099350091215,9.99305773554899,
9.447708282815256,9.984715491352928,
9.496252271909285,9.438205327213733,

9.977286776083645,9.90811569684262,
9.937099350091215,9.973950418214955,
9.447708282815256,9.938406301280619,
9.751880663194719,9.438205327213733,

9.661207018002788,9.425264266196503,
9.837282571309245,9.888516648785586,
9.559746966871352,9.413200029647005,
9.852809816057587,9.438205327213733,

9.954482248336788,9.665082521931254,
9.837282571309245,9.8963026441159,
9.87345440921397,9.413200029647005,
9.760315348822793,9.438205327213733,

9.981714530402737,9.412443671420867,
9.837282571309245,9.935455054212241,
9.948503664117478,9.413200029647005,
9.765073208841184,9.438205327213733,

9.97285339312248,9.703171695252754,
9.837282571309245,9.966915210312564,
9.979674711352239,9.413200029647005,
9.959161473831852,9.438205327213733,

9.991033848339317,9.948244768028271,
9.837282571309245,9.989537390158779,
9.98291704845311,9.413200029647005,
9.976363767144303,9.438205327213733,

9.709435959773145,9.993346811067365,
9.837282571309245,9.992021077710163,
9.990724110631799,9.413200029647005,
9.982322757447815,9.438205327213733,

9.990936875453624,9.819113460397308,
9.837282571309245,9.977961557321567,
9.954140432575219,9.413200029647005,
9.848855040327969,9.438205327213733,

9.98979578964096,9.973929275012928,
9.837282571309245,9.98721918363475,
9.980750896146485,9.413200029647005,
9.384127562657653,9.826536203602176,

9.985192270382825,9.703339102663122,
9.837282571309245,9.982323375265103,
9.922637487849341,9.413200029647005,
9.384127562657653,9.872343795696999,

9.988376881455956,9.838195437218554,
9.837282571309245,9.984973823627376,
9.958067289987701,9.413200029647005,
9.384127562657653,9.9464209731909,

9.986424433350898,9.967983696586266,
9.837282571309245,9.98811525950195,
9.981135509757907,9.413200029647005,
9.673918988129039,9.398008385306385,

9.981675134946137,9.575936506287421,
9.837282571309245,9.977985277620407,
9.964816287925219,9.413200029647005,
9.636171257780523,9.398008385306385,

9.99090761311383,9.960536817194404,
9.837282571309245,9.982105729120285,
9.946651778424059,9.413200029647005,
9.938714007836985,9.398008385306385,

9.979603894411769,9.983578571121626,
9.837282571309245,9.984568644677818,
9.977104045949652,9.413200029647005,
9.961837608183751,9.398008385306385,

9.99329289106895,9.969464088794226,
9.837282571309245,9.992826217429897,
9.98960783994536,9.413200029647005,
9.980319600580728,9.398008385306385,

9.99710546979625,9.442022709960373,
9.837282571309245,9.996025676791183,
9.988790070019245,9.413200029647005,
9.984635620719068,9.398008385306385,

9.91656228490504,9.757931717676888,
9.837282571309245,9.903151663507082,
9.815031197425839,9.413200029647005,
9.846426261394207,9.398008385306385,

9.955038057246762,9.855565664738993,
9.837282571309245,9.942597483879588,
9.921251833990077,9.653491516387064,
9.892951307045157,9.398008385306385,

9.956406392362869,9.945686753419999,
9.837282571309245,9.97571705324991,
9.950825132912914,9.653491516387064,
9.94393464068034,9.398008385306385,

9.923854516695314,9.50885051760524,
9.837282571309245,9.950489181423787,
9.76632366107178,9.653491516387064,
9.687585413549506,9.398008385306385,

9.940145294012602,9.819433338002153,
9.837282571309245,9.933171626512523,
9.913901596452366,9.711075970424062,
9.842984720191446,9.398008385306385,

9.982752176735968,9.901899911673793,
9.837282571309245,9.979912587815267,
9.973615682073877,9.8411714162739,
9.948758705689496,9.398008385306385,

9.478016736932808,9.425986275588922,
9.837282571309245,9.985993564071277,
9.987134747755825,9.8411714162739,
9.707990724390353,9.398008385306385,

9.949510085963766,9.855589746882716,
9.837282571309245,9.982032949209692,
9.94730159227046,9.8411714162739,
9.849684518732513,9.398008385306385,

9.978417219412291,9.855589746882716,
9.837282571309245,9.977609364592107,
9.969289924083583,9.8411714162739,
9.93810168519656,9.398008385306385,

9.967209758599845,9.426602948291372,
9.837282571309245,9.987352672873701,
9.425339071248406,9.921026201845251,
9.921342081811554,9.398008385306385,

9.987805020383664,9.837800733838172,
9.837282571309245,9.986508987669247,
9.425339071248406,9.96731963977981,
9.959593007660423,9.398008385306385,

9.997931277686796,9.956141268681048,
9.837282571309245,9.99337550804365,
9.425339071248406,9.996625471680208,
9.984332392009783,9.398008385306385,

9.999774188490806,9.988592150593774,
9.837282571309245,9.998326024961667,
9.425339071248406,9.720514770378603,
9.988581818264752,9.398008385306385,

9.974875214056466,9.913674481109249,
9.837282571309245,9.985685088682917,
9.425339071248406,9.961762504494095,
9.939995520719313,9.398008385306385,

9.975804456475561,9.943254034292313,
9.837282571309245,9.971675474277312,
9.425339071248406,9.967274022826487,
9.964589079010423,9.398008385306385,

9.994566199217667,9.943254034292313,
9.837282571309245,9.977877961314453,
9.425339071248406,9.984184071956467,
9.980828208541894,9.398008385306385,

9.99872721871589,9.943254034292313,
9.837282571309245,9.989715557992167,
9.425339071248406,9.992100672372098,
9.989403068010638,9.398008385306385,

9.997563618894345,9.968898571456254,
9.837282571309245,9.997159538308619,
9.425339071248406,9.994734375623723,
9.993675823845765,9.398008385306385,

9.99818385341611,9.968898571456254,
9.837282571309245,9.997732381168937,
9.425339071248406,9.997881451166272,
9.758671007028276,9.398008385306385,

9.991500313025664,9.691248145349318,
9.837282571309245,9.989756418592492,
9.425339071248406,9.98763493734052,
9.961058580372972,9.398008385306385,

9.987791016596795,9.842502508102424,
9.837282571309245,9.99463215624363,
9.425339071248406,9.991479787329684,
9.980758518800279,9.398008385306385,

9.99826366141318,9.918752057266698,
9.837282571309245,9.99490049118333,
9.425339071248406,9.477680698599046,
9.730110268406087,9.398008385306385,

9.899098981948182,9.421213418938063,
9.837282571309245,9.9832507962877,
9.425339071248406,9.852311547784698,
9.731459717064055,9.398008385306385,

9.960036802373768,9.421213418938063,
9.837282571309245,9.986956285618632,
9.425339071248406,9.931747728666515,
9.908741911921151,9.398008385306385,

9.984419869552449,9.421213418938063,
9.837282571309245,9.979938219240024,
9.425339071248406,9.979898894181137,
9.960403079534789,9.398008385306385,

9.99175199039717,9.699022825460993,
9.837282571309245,9.989221028316539,
9.425339071248406,9.983529949647542,
9.97356972592986,9.398008385306385,

9.997590788947306,9.699022825460993,
9.837282571309245,9.995684851903857,
9.425339071248406,9.996814308031901,
9.988986105265868,9.398008385306385,

9.998992792089282,9.699022825460993,
9.837282571309245,9.997766066814751,
9.425339071248406,9.9974774712529,
9.87786013794556,9.398008385306385,

9.992548565388276,9.849131073881985,
9.837282571309245,9.990026016800712,
9.425339071248406,9.98449112881775,
9.957202979811534,9.398008385306385,

9.991183653209486,9.849131073881985,
9.837282571309245,9.993016582994162,
9.425339071248406,9.987916586150833,
9.964281128144624,9.398008385306385,

9.99415726457044,9.849131073881985,
9.837282571309245,9.986723577414764,
9.425339071248406,9.991030744492814,
9.986877759745603,9.398008385306385,

9.994775308162831,9.849131073881985,
9.837282571309245,9.995778460918157,
9.425339071248406,9.993266697002301,
9.990977217939115,9.398008385306385,

9.998446352134096,9.849131073881985,
9.837282571309245,9.997299825587248,
9.425339071248406,9.995985186010202,
9.991067220190171,9.398008385306385,

9.9984031103221,9.849131073881985,
9.837282571309245,9.99882077014213,
9.425339071248406,9.998331073509464,
9.997878896950084,9.398008385306385,

9.99947067269923,9.849131073881985,
9.837282571309245,9.999295623434085,
9.425339071248406,9.999190642212914,
9.998442367955459,9.398008385306385,

9.99972615343751,9.849131073881985,
9.837282571309245,9.999697727501303,
9.425339071248406,9.99956267011267,
9.999067601944827,9.398008385306385,

9.999707671546707,9.849131073881985,
9.837282571309245,9.999834807658914,
9.425339071248406,9.999698068522896,
9.999630053397087,9.398008385306385,

9.9998928386611,9.849131073881985,
9.837282571309245,9.999881434816297,
9.425339071248406,9.999856512706318,
9.999814885393434,9.398008385306385,

9.999987819700534,9.849131073881985,
9.837282571309245,9.999961542823462,
9.425339071248406,9.999938298715435,
9.999904605231752,9.398008385306385,

9.999984848027717,9.849131073881985,
9.837282571309245,9.999972790026526,
9.425339071248406,9.999977541484942,
9.999960807020297,9.398008385306385,

9.999991159834028,9.849131073881985,
9.837282571309245,9.999989231446403,
9.425339071248406,9.999985223992379,
9.999968450219287,9.398008385306385,

9.999998392127624,9.849131073881985,
9.837282571309245,9.999998129509068,
9.425339071248406,9.999997878078233,
9.999984971545008,9.398008385306385,

9.99999827374041,9.849131073881985,
9.837282571309245,9.999998218768845,
9.425339071248406,9.999996874396615,
9.999993517597375,9.398008385306385,

9.99999752758889,9.849131073881985,
9.837282571309245,9.999998580629438,
9.425339071248406,9.999996688989544,
9.999996852358631,9.398008385306385,

9.999999467829513,9.849131073881985,
9.837282571309245,9.99999891046663,
9.425339071248406,9.999998321080303,
9.99999733157475,9.398008385306385,

9.99999947828613,9.849131073881985,
9.837282571309245,9.999999159158262,
9.425339071248406,9.999999317664646,
9.999998436611012,9.398008385306385,

9.999999574784098,9.849131073881985,
9.837282571309245,9.999999754680957,
9.425339071248406,9.999999437212331,
9.999999248917533,9.398008385306385,

9.999999902578342,9.849131073881985,
9.837282571309245,9.99999985638534,
9.425339071248406,9.999999824408427,
9.999999661114348,9.398008385306385,

9.99999993590855,9.849131073881985,
9.837282571309245,9.999999921832796,
9.425339071248406,9.999999888650814,
9.999999806318904,9.398008385306385,

9.934975015715807,9.849131073881985,
9.837282571309245,9.99999996397726,
9.425339071248406,9.87149923555296,
9.69851682137374,9.398008385306385,

9.979582744310186,9.32715821750993,
9.837282571309245,9.980477930556276,
9.425339071248406,9.966274930420555,
9.887312820086214,9.398008385306385,

9.99061453505681,9.32715821750993,
9.837282571309245,9.984198002817445,
9.425339071248406,9.975726768662927,
9.94463515692128,9.398008385306385,

9.992120099527227,9.32715821750993,
9.837282571309245,9.988831872042411,
9.425339071248406,9.978137139322854,
9.973278462549162,9.398008385306385,

9.993759660632616,9.32715821750993,
9.837282571309245,9.99261687880325,
9.425339071248406,9.990495670369501,
9.975605338769721,9.398008385306385,

9.99522244316511,9.32715821750993,
9.837282571309245,9.99576869409998,
9.425339071248406,9.99377168766161,
9.990509090464096,9.398008385306385,

9.999294390375699,9.32715821750993,
9.837282571309245,9.99868203662801,
9.425339071248406,9.998682454118992,
9.996773331843464,9.398008385306385,

9.999460446254538,9.32715821750993,
9.837282571309245,9.999291279681099,
9.425339071248406,9.99908833462326,
9.99866450902257,9.398008385306385,

9.999635610911266,9.32715821750993,
9.837282571309245,9.999663909175426,
9.425339071248406,9.999591549466771,
9.999334105363147,9.398008385306385,

9.999791751203901,9.32715821750993,
9.837282571309245,9.99980450316105,
9.425339071248406,9.999818466773146,
9.99942450825462,9.398008385306385,

9.99991051865701,9.32715821750993,
9.837282571309245,9.999882578843406,
9.425339071248406,9.999873386100568,
9.999835406573068,9.398008385306385,

9.999980889343037,9.32715821750993,
9.837282571309245,9.999930031379838,
9.425339071248406,9.99992493342879,
9.99992327015189,9.398008385306385,

9.999972635066605,9.32715821750993,
9.837282571309245,9.999948208992976,
9.425339071248406,9.999950824867092,
9.999943168463114,9.398008385306385,

9.99998745233715,9.32715821750993,
9.837282571309245,9.99998352154474,
9.425339071248406,9.999967337169448,
9.99995547937654,9.398008385306385,

9.9999930147942,9.32715821750993,
9.837282571309245,9.999988874501103,
9.425339071248406,9.99997992101731,
9.999973268988679,9.398008385306385,

9.999996365735932,9.32715821750993,
9.837282571309245,9.999994410475662,
9.425339071248406,9.999991309238755,
9.999988077854443,9.398008385306385,

9.999997096752809,9.32715821750993,
9.837282571309245,9.99999674770615,
9.425339071248406,9.999995250970375,
9.999993539740931,9.398008385306385,

9.90080117375394,9.32715821750993,
9.837282571309245,9.969299755101623,
9.425339071248406,9.856687667151473,
9.729106448282547,9.398008385306385,

9.993512882097136,9.32715821750993,
9.837282571309245,9.959237087727644,
9.425339071248406,9.889326318973623,
9.865331735911152,9.398008385306385,

9.96687696728571,9.32715821750993,
9.837282571309245,9.980866725979991,
9.425339071248406,9.92259851732413,
9.898403952963326,9.398008385306385,

9.976742541154659,9.32715821750993,
9.837282571309245,9.970034804105888,
9.425339071248406,9.971538209179428,
9.959260725434447,9.398008385306385,

9.988881310945114,9.32715821750993,
9.837282571309245,9.986167739227811,
9.425339071248406,9.974720230911316,
9.964146041365375,9.398008385306385,

9.916759206807846,9.32715821750993,
9.864621884309974,9.717369099809188,
9.425339071248406,9.406604914248135,
9.820496158425073,9.398008385306385,

9.96876116598266,9.32715821750993,
9.916341133468908,9.717369099809188,
8.90068760711707,9.406604914248135,
9.831179877950786,9.398008385306385,

9.941975412006524,9.32715821750993,
9.944784793481105,9.717369099809188,
8.922509507084921,8.882779821681202,
9.832863858668226,9.398008385306385,

9.715601200511419,9.32715821750993,
9.971009436644437,9.717369099809188,
8.615962630501409,8.78551075292989,
9.38390772684604,9.540353579046267,

9.984419424125967,9.32715821750993,
9.967129859702643,9.717369099809188,
9.154614243196871,8.291709472402827,
9.674595282606548,9.170153728275814,

9.588820285591614,9.32715821750993,
9.974838673628557,9.717369099809188,
8.074145572633922,8.621123794190991,
9.155255701333353,9.380516190139197,

9.964208438415469,9.32715821750993,
9.975827688787824,9.717369099809188,
8.074145572633922,8.624962428481044,
9.033190737999504,9.01080404869582,

9.981642697073225,9.32715821750993,
9.987101417126109,9.717369099809188,
8.074145572633922,8.377811784629918,
9.728937059244673,9.01080404869582,

9.035786564325694,9.46835634926345,
9.982853291450628,9.717369099809188,
8.093355970546899,7.8359227257067685,
9.731640912078706,9.01080404869582,

9.919065880788551,9.027771734377241,
9.982939024993374,9.717369099809188,
8.102889190694164,7.8359227257067685,
8.765796339988885,9.01080404869582,

9.266369806197037,9.027771734377241,
9.986353168979704,9.717369099809188,
7.618300344329765,8.402970569693545,
8.77196735828894,8.43911738837989,

8.90168006207629,9.523278471256397,
9.986489296119132,9.717369099809188,
7.618300344329765,8.444802201070106,
8.77196735828894,8.43911738837989,

8.90168006207629,9.474488618305113,
9.986489296119132,9.717369099809188,
7.618300344329765,8.444802201070106,
9.002399972955216,8.43911738837989,

8.90168006207629,9.784416621001427,
9.986489296119132,9.717369099809188,
7.618300344329765,8.444802201070106,
9.285028319743382,8.43911738837989,

8.90168006207629,9.277031426756327,
9.986489296119132,9.717369099809188,
7.618300344329765,8.444802201070106,
9.22239180746803,8.43911738837989,

8.90168006207629,9.446347318662614,
9.986489296119132,9.717369099809188,
7.618300344329765,8.444802201070106,
9.287674823369024,8.43911738837989,

8.90168006207629,9.685834306151904,
9.986489296119132,9.717369099809188,
7.618300344329765,8.770443221956594,
9.287674823369024,8.43911738837989,

8.90168006207629,9.102657711863422,
9.986489296119132,9.717369099809188,
7.618300344329765,9.041394494922548,
9.138115039071616,8.43911738837989,

8.90168006207629,9.3583467044216,
9.890244223436218,9.717369099809188,
7.618300344329765,9.104982935158896,
9.333237310075134,8.43911738837989,

8.90168006207629,9.504754293065858,
9.890244223436218,9.717369099809188,
7.618300344329765,9.192996510944589,
9.299905183779675,8.43911738837989,

8.90168006207629,9.461558449780869,
9.890244223436218,9.717369099809188,
7.618300344329765,9.192996510944589,
9.166086620653903,8.43911738837989,

8.90168006207629,9.85336509907658,
9.869462755672084,9.717369099809188,
7.618300344329765,8.651046370747917,
9.139996326259073,8.43911738837989,

8.90168006207629,9.455551995542162,
9.869462755672084,9.717369099809188,
7.618300344329765,8.922980758456157,
9.265180151432212,8.43911738837989,

9.864183186032717,8.882192203935452,
9.871411040360833,9.717369099809188,
7.618300344329765,9.354570192197624,
9.019561077371819,8.43911738837989,

9.729948367614696,8.882192203935452,
9.911901286758415,9.717369099809188,
7.618300344329765,8.824293429601068,
9.524515356278876,8.43911738837989,

9.911624610815462,8.882192203935452,
9.94448826179941,9.717369099809188,
7.618300344329765,8.858107880324411,
9.47017026409204,8.43911738837989,

9.846641889091956,8.882192203935452,
9.979891138350013,9.717369099809188,
7.618300344329765,7.789011259132348,
9.227512835312307,8.43911738837989,

8.755041139132556,9.39961594917143,
9.983033766583787,9.717369099809188,
7.1155782718560845,7.2610658718225025,
9.071161944974198,8.43911738837989,

8.755041139132556,9.585283928796441,
9.879868732588328,9.717369099809188,
7.1155782718560845,8.547141088122634,
9.16127652253773,8.43911738837989,

9.335050737638378,9.041635482942386,
9.862684964276529,9.717369099809188,
7.1155782718560845,8.249803490439662,
9.241893883555381,8.43911738837989,

9.32978333570109,9.041635482942386,
9.920879934548587,9.717369099809188,
7.1155782718560845,8.558496755783676,
9.625736382985385,8.43911738837989,

8.725669000214674,9.105377070342954,
9.936583958311425,9.717369099809188,
7.1155782718560845,6.93824762189151,
9.095840539092208,8.43911738837989,

8.725669000214674,9.600876462318713,
9.936583958311425,9.717369099809188,
7.1155782718560845,6.93824762189151,
9.138013548977767,8.43911738837989,

9.54535352900124,9.075103932740591,
9.93815358441529,9.717369099809188,
8.661396912569302,6.93824762189151,
8.151529640443231,9.165072316810212,

9.984722543413895,9.075103932740591,
9.91509452755366,9.717369099809188,
7.975003329081288,6.93824762189151,
8.151529640443231,9.41685736011935,

9.954840621978189,9.075103932740591,
9.928757090294017,9.717369099809188,
7.073973284131011,6.93824762189151,
8.151529640443231,9.876522255653846,

9.89099329740905,9.075103932740591,
9.926278903782771,9.717369099809188,
8.964171739266426,6.93824762189151,
8.151529640443231,9.576836149403132,

9.76973254476539,9.075103932740591,
9.928463074871189,9.717369099809188,
9.004886995574411,6.93824762189151,
8.151529640443231,9.514387747113497,

9.78818673574073,9.075103932740591,
9.933270077429054,9.717369099809188,
9.302836314589651,6.93824762189151,
8.151529640443231,9.381990470498131,

9.990595555345823,9.075103932740591,
9.93170938028896,9.717369099809188,
9.377954788895545,6.93824762189151,
8.151529640443231,9.3556617470098,

9.862944365283536,9.075103932740591,
9.954223297666603,9.717369099809188,
9.733686561809257,6.93824762189151,
8.151529640443231,9.575277789867958,

9.96394219652639,9.075103932740591,
9.960866213157118,9.717369099809188,
8.657442011561812,6.93824762189151,
8.151529640443231,9.714421248104697,

9.978607919620664,9.075103932740591,
9.980017581334533,9.717369099809188,
9.049368047397671,6.93824762189151,
8.151529640443231,8.941690104999054,

9.330575317791311,9.075103932740591,
9.978966821516725,9.717369099809188,
8.582755905560216,6.93824762189151,
8.151529640443231,9.105317900849634,

9.04034294602954,9.45632483889312,
9.9844951405447,9.717369099809188,
8.106188914792465,6.93824762189151,
8.151529640443231,9.3113738341223,

8.954285308274713,9.419580640486757,
9.88455223945407,9.717369099809188,
8.143782010555745,6.93824762189151,
8.151529640443231,9.06565352007798,

8.954285308274713,9.404896063999134,
9.88455223945407,9.717369099809188,
8.637250803166168,6.93824762189151,
8.151529640443231,9.316931078740453,

8.954285308274713,9.550942773195521,
9.88455223945407,9.717369099809188,
8.637250803166168,6.93824762189151,
8.151529640443231,9.318189012018685,

8.954285308274713,9.142860594109262,
9.88455223945407,9.717369099809188,
8.938528781160386,6.93824762189151,
8.151529640443231,9.18514746295009,

8.954285308274713,9.422561662355278,
9.88455223945407,9.717369099809188,
8.938528781160386,6.93824762189151,
8.151529640443231,9.18514746295009,

8.954285308274713,9.83997998479611,
9.88455223945407,9.717369099809188,
8.938528781160386,6.93824762189151,
8.151529640443231,9.110338195402942,

8.954285308274713,9.301882494601724,
9.88455223945407,9.717369099809188,
8.938528781160386,6.93824762189151,
8.151529640443231,9.150734235572449,

8.954285308274713,9.494615343479115,
9.88455223945407,9.717369099809188,
8.938528781160386,6.93824762189151,
8.151529640443231,9.06197995541638,

8.954285308274713,9.487789650443005,
9.886843935152632,9.717369099809188,
9.378191957707992,6.93824762189151,
8.151529640443231,9.232679770082164,

8.954285308274713,9.227597019159097,
9.886843935152632,9.717369099809188,
9.378191957707992,6.93824762189151,
8.151529640443231,9.109025170869224,

8.954285308274713,9.723509915553905,
9.886843935152632,9.717369099809188,
9.378191957707992,6.93824762189151,
8.151529640443231,9.188950678682549,

8.954285308274713,9.78783983688459,
9.886843935152632,9.717369099809188,
9.378191957707992,6.93824762189151,
8.151529640443231,9.085571875775212,

8.954285308274713,9.872614211064022,
9.886843935152632,9.717369099809188,
9.378191957707992,6.93824762189151,
8.151529640443231,9.13382158416097,

8.954285308274713,9.44015750434423,
9.886843935152632,9.717369099809188,
9.378191957707992,6.93824762189151,
8.151529640443231,9.24913825812363,

9.84594574825811,9.007429783601857,
9.887409715476867,9.717369099809188,
9.202384403232553,6.93824762189151,
8.151529640443231,9.075611556166631,

9.858080424988902,9.007429783601857,
9.902519036353034,9.717369099809188,
8.77442813284208,6.93824762189151,
8.151529640443231,8.88088439740605,

9.666008511943053,9.007429783601857,
9.887804111945716,9.717369099809188,
9.371809271708843,6.93824762189151,
8.151529640443231,9.24002422579408,

9.813652838968693,9.007429783601857,
9.913962486677036,9.717369099809188,
9.436899612682993,6.93824762189151,
8.151529640443231,9.439525325894863,

9.951771591842363,9.007429783601857,
9.91193744836334,9.717369099809188,
9.700808285539669,6.93824762189151,
8.151529640443231,9.539741869316916,

9.913815503806692,9.007429783601857,
9.925482732761594,9.717369099809188,
9.783346329432892,6.93824762189151,
8.151529640443231,9.62967742681065,

9.960093753011247,9.007429783601857,
9.945284985781896,9.717369099809188,
9.791862325821093,6.93824762189151,
8.151529640443231,9.818178151731933,

9.984922607224519,9.007429783601857,
9.976536367134017,9.717369099809188,
9.880115686816845,6.93824762189151,
8.151529640443231,9.866808644841345,

9.999065376430286,9.007429783601857,
9.981435524399181,9.717369099809188,
9.838872428760666,6.93824762189151,
8.151529640443231,9.934733336697008,

9.703001645602885,9.007429783601857,
9.982047133482967,9.717369099809188,
8.76970980178622,6.93824762189151,
8.151529640443231,9.958511782576224,

9.974653257512243,9.382198095749995,
9.974284260751556,9.717369099809188,
9.761724607471207,6.93824762189151,
8.151529640443231,9.770231123570607,

9.870017903152252,9.382198095749995,
9.979119080123649,9.717369099809188,
9.650668823050378,6.93824762189151,
8.151529640443231,9.795227510966352,

9.870409055710955,9.382198095749995,
9.984132405247113,9.717369099809188,
9.37912339905017,6.93824762189151,
8.151529640443231,9.432298175072859,

9.956012629667544,9.382198095749995,
9.919344743242544,9.717369099809188,
9.525064407391021,6.93824762189151,
8.151529640443231,9.549483098865482,

9.953373039690312,9.683038410679597,
9.937809785607927,9.717369099809188,
9.099699885961329,6.93824762189151,
8.151529640443231,9.549483098865482,

9.984208379601252,9.308576156515212,
9.928674102874103,9.717369099809188,
8.879137711880876,6.93824762189151,
8.151529640443231,9.74976844387424,

9.128732398365273,9.548855698324125,
9.930439507762665,9.717369099809188,
8.378681646997908,6.93824762189151,
8.151529640443231,9.74976844387424,

9.29786879160288,9.078288796996624,
9.931133373672733,9.717369099809188,
8.788414600245762,6.93824762189151,
8.151529640443231,9.319001024356432,

9.970874759973672,9.078288796996624,
9.927212085455732,9.717369099809188,
8.600031614323367,6.93824762189151,
8.151529640443231,8.81116237541907,

9.793157479858499,9.078288796996624,
9.91029938127583,9.717369099809188,
8.688349049892338,6.93824762189151,
8.151529640443231,9.174240610186427,

9.975662700551736,9.078288796996624,
9.847771917121156,9.717369099809188,
9.307439807929896,6.93824762189151,
8.151529640443231,9.199396125791967,

9.89815689376202,9.078288796996624,
9.85918186352342,9.717369099809188,
9.354374529444124,6.93824762189151,
8.151529640443231,9.269039093709136,

9.97502255704455,9.078288796996624,
9.896581063647195,9.717369099809188,
8.79221677419128,6.93824762189151,
8.151529640443231,9.548997521504772,

9.9609406463323,9.078288796996624,
9.933603089065894,9.717369099809188,
8.847714437641809,6.93824762189151,
8.151529640443231,9.606525781998663,

9.92164471999199,9.078288796996624,
9.92555707046027,9.717369099809188,
8.738500842270675,6.93824762189151,
8.151529640443231,9.606306690530264,

9.581311154971065,9.078288796996624,
9.951969482769607,9.717369099809188,
9.116642430223235,6.93824762189151,
8.151529640443231,9.199039182496895,

9.99481501031434,9.078288796996624,
9.910242594164774,9.717369099809188,
9.146087784967804,6.93824762189151,
8.151529640443231,9.390923056747445,

9.983420204410551,9.078288796996624,
9.960536924585602,9.717369099809188,
9.093603465056429,6.93824762189151,
8.151529640443231,9.340594035959242,

9.920864838711733,9.078288796996624,
9.96444003939957,9.717369099809188,
8.650731861559699,6.93824762189151,
8.151529640443231,8.967547445577031,

9.957426617809961,9.078288796996624,
9.908784290590491,9.717369099809188,
9.141883049913488,6.93824762189151,
8.151529640443231,8.92482906961995,

9.98765823786847,9.078288796996624,
9.930926889674133,9.717369099809188,
8.637917094270083,6.93824762189151,
8.151529640443231,9.45315334748236,

9.507073289754276,9.078288796996624,
9.895273325562858,9.717369099809188,
9.141308019520803,6.93824762189151,
8.151529640443231,9.087014909643118,

9.955733326985928,9.078288796996624,
9.89938981239145,9.717369099809188,
8.653503965134343,6.93824762189151,
8.151529640443231,9.135954034454913,

8.993030212958633,9.123091796709954,
9.90138697485769,9.717369099809188,
8.585606752134531,6.93824762189151,
8.151529640443231,9.106700935310396,

8.993030212958633,9.014727211388283,
9.90138697485769,9.717369099809188,
8.585606752134531,6.93824762189151,
8.151529640443231,9.045086117031483,

8.993030212958633,9.647210659170895,
9.90138697485769,9.717369099809188,
8.585606752134531,6.93824762189151,
8.151529640443231,9.236068368691488,

8.993030212958633,9.566358404837937,
9.90138697485769,9.717369099809188,
8.585606752134531,6.93824762189151,
8.151529640443231,9.177246370530646,

8.993030212958633,9.631453437884534,
9.90138697485769,9.717369099809188,
8.585606752134531,6.93824762189151,
8.151529640443231,9.216899616997736,

8.993030212958633,9.548647282094537,
9.90138697485769,9.717369099809188,
8.808664040369797,6.93824762189151,
8.151529640443231,9.172817382776262,

8.993030212958633,9.32975003358594,
9.90138697485769,9.717369099809188,
8.915511359776962,6.93824762189151,
8.151529640443231,9.086501490323379,

8.993030212958633,9.439428166800125,
9.90138697485769,9.717369099809188,
9.182789960473261,6.93824762189151,
8.151529640443231,9.086501490323379,

8.993030212958633,9.736549910660266,
9.90138697485769,9.717369099809188,
9.182789960473261,6.93824762189151,
8.151529640443231,9.05680029051573,

8.993030212958633,9.748066760470227,
9.90138697485769,9.717369099809188,
9.422035292341363,6.93824762189151,
8.151529640443231,9.118791011085161,

9.807161198306652,9.025001840563023,
9.90138697485769,9.717369099809188,
9.282348259889872,6.93824762189151,
8.151529640443231,9.140086763934754,

9.882763027281355,9.025001840563023,
9.570958057839611,9.879800807872389,
9.817948363559948,6.93824762189151,
8.151529640443231,9.62199117740241,

9.886102798079357,9.025001840563023,
9.570958057839611,9.954338507565794,
9.83096093217613,6.93824762189151,
8.151529640443231,9.709870924023203,

9.94354124793181,9.025001840563023,
9.570958057839611,9.95953564440022,
9.919439772048909,6.93824762189151,
8.151529640443231,9.850895699335297,

9.978464300349813,9.025001840563023,
9.570958057839611,9.975240220536413,
9.957047146263132,6.93824762189151,
8.151529640443231,9.876880443673027,

9.99327995179402,9.025001840563023,
9.570958057839611,9.991580272003759,
9.989839946730097,6.93824762189151,
8.151529640443231,9.962523956824846,

9.994415978321499,9.025001840563023,
9.570958057839611,9.994573982024715,
9.989755081603125,6.93824762189151,
8.151529640443231,9.984596646140925,

